1.0 0.9999999636980795
1.0 0.9712205634987384
1.0 0.9432697183319471
1.0 0.9161108358618831
1.0 0.889757166289514
1.0 0.8641501183152192
1.0 0.8392798541185545
1.0 0.8151251733779721
1.0 0.7916655292064922
1.0 0.7688809192459423
1.0 0.7467519219688767
1.0 0.7252596240747367
1.0 0.7043857656975312
1.0 0.6841124862923949
1.0 0.66442257874903
1.0 0.6452991626744234
1.0 0.6267260837139711
1.0 0.6086874053245914
1.0 0.5911677354920101
1.0 0.5741521541269184
1.0 0.5576262130649741
1.0 0.5415757908591183
1.0 0.5259871653834179
1.0 0.5108470864369056
1.0 0.4961426668378181
1.0 0.4818613098197566
1.0 0.46799092684320825
1.0 0.45451961087826254
1.0 0.441435926819975
1.0 0.42872869367684435
1.0 0.4163871297784944
1.0 0.40440063496415113
1.0 0.39275904469608613
1.0 0.38145244855001414
1.0 0.3704711902150932
1.0 0.3598058674939245
1.0 0.3494474049063933
1.0 0.33938708999158956
1.0 0.3296161739866827
1.0 0.32012641635572864
1.0 0.310909721770465
1.0 0.3019582127141523
1.0 0.29326430208541465
1.0 0.28482051168863753
1.0 0.27661969004549064
1.0 0.26865483088532544
1.0 0.2609191457490161
0.9994283536585366 0.2534062091966414
0.9988567073170732 0.24610937797675747
0.9982850609756098 0.23902255336672723
0.9979039634146342 0.23213960034199313
0.9977134146341463 0.2254546379914409
0.9959984756097561 0.21896232993276304
0.9948551829268293 0.21265675895292482
0.9937118902439024 0.20653258866961882
0.9919969512195121 0.20058477311590128
0.9900914634146342 0.1948081211171466
0.9870426829268293 0.18919794972561557
0.9841844512195121 0.18374914037052353
0.9807545731707317 0.17845726421757455
0.9744664634146342 0.17331821914975676
0.9700838414634146 0.1683266687847627
0.9657012195121951 0.16347883772286476
0.9597942073170732 0.15877076905473284
0.953125 0.15419836066335516
0.9437881097560976 0.14975805496052674
0.9363567073170732 0.1454452053004289
0.9285442073170732 0.14125658081214076
0.9199695121951219 0.13718866020937787
0.9102515243902439 0.13323803111161708
0.9024390243902439 0.12940077291144886
0.8925304878048781 0.12567434447444112
0.8826219512195121 0.1220552608162298
0.8734756097560976 0.1185401821601327
0.8633765243902439 0.11512649476787681
0.8540396341463414 0.11181089516470036
0.8435594512195121 0.10859098742385309
0.834984756097561 0.1054634317686528
0.823170731707317 0.10242655831075838
0.8117378048780488 0.09947699097156718
0.8027820121951219 0.09661197080512432
0.7905868902439024 0.09383000943269101
0.7793445121951219 0.0911279848891078
0.7667682926829268 0.08850400947451083
0.7553353658536586 0.08595539684678614
0.7427591463414634 0.08348036821183129
0.7305640243902439 0.0810766002467369
0.7195121951219512 0.07874184223243452
0.7073170731707317 0.07647453318634444
0.6939786585365854 0.07427271280476189
0.6802591463414634 0.07213445708590255
0.6644435975609756 0.07005816874526623
0.6514862804878049 0.06804112513881855
0.637766768292683 0.06608238241662756
0.6234756097560976 0.06418019808651125
0.6088033536585366 0.06233282965628761
0.5950838414634146 0.060538607237615526
0.5836509146341463 0.0587956068287107
0.5695503048780488 0.05710332020268669
0.5584984756097561 0.055459206225111406
0.5472560975609756 0.05386253885757566
0.5354420731707317 0.05231197492902249
0.5251524390243902 0.050805771947269866
0.5137195121951219 0.04934320387390862
0.4998094512195122 0.04792321795324545
0.4847560975609756 0.046544398410382465
0.47465701219512196 0.045204458224330765
0.46246189024390244 0.043903433697010816
0.45198170731707316 0.04263969124200196
0.4403582317073171 0.041412504820895035
0.42854420731707316 0.04022074907415582
0.4188262195121951 0.03906297192496596
0.4087271341463415 0.037938592542598126
0.3980564024390244 0.03684677598288175
0.38967225609756095 0.03578596126323713
0.38185975609756095 0.03475560385485737
0.3717606707317073 0.033755413342378804
0.36566310975609756 0.032783247912494366
0.3555640243902439 0.03183986990553369
0.34508384146341464 0.030923754640837513
0.3361280487804878 0.03003377675887161
0.32621951219512196 0.029169645844272313
0.3149771341463415 0.028330635858630448
0.3083079268292683 0.027515040611684454
0.3006859756097561 0.026723114216877546
0.2943978658536585 0.0259537313146755
0.28696646341463417 0.025206746697396483
0.2806783536585366 0.024481071307426733
0.2730564024390244 0.023776596239004875
0.26695884146341464 0.023092123528755767
0.2606707317073171 0.0224273990632362
0.2545731707317073 0.02178180570979838
0.24885670731707318 0.021154762637714965
0.2418064024390244 0.02054601573354274
0.23628048780487804 0.019954584845429328
0.22846798780487804 0.019380615181056556
0.22217987804878048 0.018822908777049285
0.21646341463414634 0.018281175218043854
0.21017530487804878 0.017755160390597047
0.2035060975609756 0.0172443923697429
0.1995045731707317 0.016747818399788113
0.19340701219512196 0.016266019311460024
0.18807164634146342 0.015797942349065328
0.1834984756097561 0.01534322449339944
0.17740091463414634 0.01490190204638282
0.17263719512195122 0.014473031158083537
0.16730182926829268 0.014056648130422055
0.16272865853658536 0.013652135830750574
0.15758384146341464 0.013259421655228174
0.15282012195121952 0.012877961075047977
0.14939024390243902 0.012507209561403101
0.1448170731707317 0.0121473849258163
0.1408155487804878 0.011797833733719315
0.1370045731707317 0.011458301871668936
0.13376524390243902 0.011128498924301494
0.13109756097560976 0.010808061872412398
0.12842987804878048 0.01049684550831982
0.1251905487804878 0.010194740926262378
0.12309451219512195 0.009901094691671816
0.12004573170731707 0.009616124616070889
0.11775914634146341 0.009339213566811796
0.11451981707317073 0.009070434147735456
0.11166158536585366 0.008809387037716825
0.10880335365853659 0.008555818123312686
0.10442073170731707 0.00830987261220488
0.10118140243902439 0.00807078816406377
0.09813262195121951 0.007838601080809818
0.09432164634146341 0.007613275060522562
0.09203506097560976 0.007394120366713288
0.09032012195121951 0.007181173301302455
0.08803353658536585 0.006974470166210521
0.0861280487804878 0.0067736842441533576
0.08307926829268293 0.006578888138971883
0.08079268292682927 0.006389573623779675
0.07926829268292683 0.006205559188974439
0.07698170731707317 0.0060270263441584695
0.0743140243902439 0.005853684673968096
0.07069359756097561 0.00568553417840332
0.06993140243902439 0.00552170361137313
0.06764481707317073 0.0053628464074457856
0.06554878048780488 0.005208490641655321
0.06307164634146341 0.0050588178236040315
0.061547256097560975 0.004913210820644118
0.060785060975609755 0.0047715970289346635
0.05907012195121951 0.004634339467680255
0.05697408536585366 0.0045010751176763055
0.05583079268292683 0.004371404657797768
0.054115853658536585 0.004245691107249232
0.052210365853658534 0.004123607748746567
0.051448170731707314 0.004004791563085187
0.049733231707317076 0.0038896055694696784
0.048208841463414635 0.0037776867486954543
0.04763719512195122 0.003668853591160221
0.04611280487804878 0.003563323908386731
0.04458841463414634 0.003460770983090856
0.044397865853658534 0.0033610496075907608
0.044016768292682924 0.0032641597818864453
0.0430640243902439 0.003170174109818827
0.041920731707317076 0.003078947383706072
0.040777439024390245 0.002990334395866344
0.039253048780487805 0.0029043351462996435
0.03868140243902439 0.0028206592196423014
0.037728658536585365 0.00273948812549661
0.03677591463414634 0.002660640354260277
0.035823170731707314 0.002584043302092385
0.03353658536585366 0.0025099510824361433
0.032583841463414635 0.0024377102607232967
0.03201219512195122 0.0023675023465561384
0.031059451219512195 0.0022993999437755856
0.029916158536585365 0.0022332578446998034
0.029153963414634148 0.0021689671435674157
0.028772865853658538 0.0021064915384579642
0.027629573170731708 0.0020459399351328246
0.027439024390243903 0.0019869493143874093
0.026295731707317072 0.0019298463935058477
0.02534298780487805 0.0018743407571244696
0.02496189024390244 0.0018203598014023578
0.024390243902439025 0.0017679398282599706
0.023628048780487805 0.0017170808376973082
0.022484756097560975 0.0016677828297143706
0.021341463414634148 0.0016198642947088645
0.020960365853658538 0.0015732163269194133
0.020769817073170733 0.0015278752282664758
0.020007621951219513 0.0014839499045114285
0.019626524390243903 0.0014411499402906013
0.019054878048780487 0.0013997294490472052
0.018673780487804877 0.0013593980154175708
0.018483231707317072 0.0013202282432426154
0.018292682926829267 0.0012821838306018801
0.017911585365853657 0.001245264777495365
0.01753048780487805 0.0012093984800821526
0.017339939024390245 0.0011745486364417846
0.01714939024390244 0.001140642642733343
0.01638719512195122 0.001107934612400039
0.015625 0.0010760978281577442
0.01486280487804878 0.0010451685919269176
0.014672256097560975 0.0010150742998666412
0.013719512195121951 0.0009859601596587503
0.013338414634146341 0.0009576083597804925
0.012766768292682926 0.0009300552021523263
0.012385670731707318 0.000903300686774252
0.012385670731707318 0.0008772359078848933
0.011623475609756097 0.0008520786770070025
0.011432926829268292 0.0008275385787769099
0.011242378048780487 0.0008036882170355329
0.010861280487804877 0.000780600195623789
0.010289634146341464 0.000758165608780302
0.009717987804878049 0.0007364207584255305
0.009146341463414634 0.0007152930407185573
0.009146341463414634 0.0006946372479775474
0.008955792682926829 0.0006746348898047944
0.00857469512195122 0.0006552496642798396
0.00819359756097561 0.0006364089675617655
0.00819359756097561 0.0006180764977301135
0.00819359756097561 0.0006002522547848835
0.00819359756097561 0.0005828999368056169
0.008003048780487805 0.0005661284495536897
0.007621951219512195 0.0005498651891881845
0.007240853658536586 0.0005340738537886427
0.006859756097560976 0.0005187544433550641
0.006288109756097561 0.000503906957887449
0.006288109756097561 0.0004893498877835034
0.006288109756097561 0.00047522844072506263
0.006097560975609756 0.00046157891863258507
0.006097560975609756 0.00044825611382423596
0.005907012195121951 0.0004353689320613915
0.005716463414634146 0.00042284476950313414
0.005525914634146341 0.000410683626149464
0.005525914634146341 0.0003988128981594636
0.005525914634146341 0.00038730518937405036
0.005525914634146341 0.00037612419787276557
0.005144817073170732 0.00036534252749652666
0.005144817073170732 0.0003548149705634987
0.004763719512195122 0.000344650432835058
0.004382621951219513 0.000334776310470287
0.004382621951219513 0.00032511999962826836
0.0040015243902439025 0.0003158267079908368
0.0040015243902439025 0.00030671492595569887
0.0038109756097560975 0.00029789355928423067
0.0038109756097560975 0.0002892900041355148
0.003620426829268293 0.0002809768643504686
0.003620426829268293 0.00027288153608817477
0.003429878048780488 0.0002650403212690919
0.0032393292682926828 0.00025741691797276134
0.0032393292682926828 0.00025001132619918313
0.0032393292682926828 0.00024278724402789845
0.0032393292682926828 0.0002357809733793661
0.0032393292682926828 0.00022899251425358605
0.003048780487804878 0.0002224218666505583
0.002858231707317073 0.00021603272864982413
0.002858231707317073 0.0002097887983309248
0.002858231707317073 0.00020376267953477783
0.0026676829268292685 0.0001979180703409244
0.0026676829268292685 0.00019218236690844714
0.0026676829268292685 0.00018666447499872217
0.0024771341463414634 0.00018129179077083207
0.0024771341463414634 0.00017606431422477684
0.0024771341463414634 0.00017098204536055648
0.0022865853658536584 0.0001660812860986297
0.0022865853658536584 0.00016128943259807908
0.0022865853658536584 0.0001566427867793633
0.0022865853658536584 0.00015210504672202372
0.002096036585365854 0.0001477851181874364
0.002096036585365854 0.0001435014915733078
0.002096036585365854 0.0001393630726410141
0.002096036585365854 0.0001353335594700965
0.0019054878048780487 0.0001314855559014725
0.0019054878048780487 0.00012767385425330725
0.001714939024390244 0.00012400736028697685
0.001714939024390244 0.0001204497720820226
0.001714939024390244 0.00011696478771798577
0.001714939024390244 0.0001135887091153251
0.001524390243902439 0.0001103578381944993
0.001524390243902439 0.00010716326919413221
0.0011432926829268292 0.00010415020979605871
0.0011432926829268292 0.00010113715039798521
0.0011432926829268292 9.823299676128786e-05
0.0011432926829268292 9.540144696550794e-05
0.0011432926829268292 9.264250101064547e-05
0.0011432926829268292 8.995615889670042e-05
0.0011432926829268292 8.737872254413152e-05
0.0011432926829268292 8.483758811202134e-05
0.0011432926829268292 8.24053594412873e-05
0.0011432926829268292 8.0009432691012e-05
0.0011432926829268292 7.772241170211283e-05
0.0011432926829268292 7.547169263367238e-05
0.0011432926829268292 7.329357740614937e-05
0.0011432926829268292 7.118806601954379e-05
0.0009527439024390244 6.915515847385565e-05
0.0009527439024390244 6.715855284862622e-05
0.0009527439024390244 6.523455106431422e-05
0.0007621951219512195 6.338315312091967e-05
0.0007621951219512195 6.15317551775251e-05
0.0007621951219512195 5.9752961075047975e-05
0.0007621951219512195 5.804677081348828e-05
0.0007621951219512195 5.637688247238731e-05
0.0007621951219512195 5.474329605174505e-05
0.0007621951219512195 5.314601155156151e-05
0.0007621951219512195 5.1621330892295395e-05
0.0007621951219512195 5.0132952153488006e-05
0.0007621951219512195 4.868087533513933e-05
0.0007621951219512195 4.7265100437249374e-05
0.0007621951219512195 4.592192938027685e-05
0.0007621951219512195 4.457875832330432e-05
0.00038109756097560977 4.338079494816667e-05
0.00038109756097560977 4.211022773211158e-05
0.00038109756097560977 4.091226435697392e-05
0.00038109756097560977 3.971430098183626e-05
0.00038109756097560977 3.8588941447616036e-05
0.00038109756097560977 3.746358191339582e-05
0.00038109756097560977 3.637452429963431e-05
0.00038109756097560977 3.532176860633152e-05
0.00038109756097560977 3.430531483348745e-05
0.00038109756097560977 3.3325162981102095e-05
0.00038109756097560977 3.238131304917545e-05
0.00038109756097560977 3.143746311724881e-05
0.00038109756097560977 3.052991510578089e-05
0.00038109756097560977 2.965866901477169e-05
0.00038109756097560977 2.8787422923762482e-05
0.00038109756097560977 2.7952478753211994e-05
0.00038109756097560977 2.7153836503120223e-05
0.00038109756097560977 2.6355194253028452e-05
0.00038109756097560977 2.55928539233954e-05
0.00038109756097560977 2.486681551422106e-05
0.00038109756097560977 2.4140777105046724e-05
0.00038109756097560977 2.3451040616331102e-05
0.00038109756097560977 2.276130412761548e-05
0.00038109756097560977 2.2107869559358577e-05
0.00038109756097560977 2.1454434991101673e-05
0.00038109756097560977 2.0837302343303487e-05
0.00038109756097560977 2.0256471615964015e-05
0.00038109756097560977 1.9675640888624546e-05
0.00038109756097560977 1.9094810161285078e-05
0.00038109756097560977 1.8550281354404324e-05
0.00038109756097560977 1.800575254752357e-05
0.00038109756097560977 1.7497525661101533e-05
0.00038109756097560977 1.69892987746795e-05
0.00038109756097560977 1.6481071888257463e-05
0.00038109756097560977 1.6009146922294144e-05
0.00038109756097560977 1.553722195633082e-05
0.00038109756097560977 1.510159891082622e-05
0.00038109756097560977 1.4665975865321618e-05
0.00038109756097560977 1.4230352819817015e-05
0.00038109756097560977 1.383103169477113e-05
0.00038109756097560977 1.3431710569725244e-05
0.00038109756097560977 1.3032389444679359e-05
0.00038109756097560977 1.2633068319633473e-05
0.00038109756097560977 1.2270049115046304e-05
0.00038109756097560977 1.1943331830917852e-05
0.00038109756097560977 1.1580312626330684e-05
0.00038109756097560977 1.1253595342202232e-05
0.00038109756097560977 1.092687805807378e-05
0.00038109756097560977 1.0600160773945328e-05
0.00038109756097560977 1.0273443489816876e-05
0.00038109756097560977 9.98302812614714e-06
0.00038109756097560977 9.692612762477406e-06
0.00038109756097560977 9.40219739880767e-06
0.00038109756097560977 9.148083955596652e-06
0.00038109756097560977 8.893970512385635e-06
0.00038109756097560977 8.603555148715899e-06
0.00038109756097560977 8.385743625963598e-06
0.00038109756097560977 8.13163018275258e-06
0.00038109756097560977 7.877516739541562e-06
0.00038109756097560977 7.659705216789261e-06
0.00038109756097560977 7.4418936940369595e-06
0.00038109756097560977 7.224082171284658e-06
0.00038109756097560977 7.006270648532357e-06
0.00038109756097560977 6.788459125780056e-06
0.00038109756097560977 6.606949523486471e-06
0.00038109756097560977 6.425439921192887e-06
0.00038109756097560977 6.2076283984405854e-06
0.00038109756097560977 6.0261187961470015e-06
0.00038109756097560977 5.8809111143121335e-06
0.00038109756097560977 5.69940151201855e-06
0.00038109756097560977 5.517891909724965e-06
0.00038109756097560977 5.372684227890098e-06
0.00019054878048780488 5.22747654605523e-06
0.00019054878048780488 5.0822688642203626e-06
0.00019054878048780488 4.937061182385495e-06
0.00019054878048780488 4.7918535005506274e-06
0.00019054878048780488 4.64664581871576e-06
0.00019054878048780488 4.501438136880892e-06
0.00019054878048780488 4.392532375504742e-06
0.00019054878048780488 4.247324693669875e-06
0.00019054878048780488 4.138418932293724e-06
0.00019054878048780488 4.029513170917573e-06
0.00019054878048780488 3.884305489082705e-06
0.0 3.8117016481652717e-06
0.0 3.7027958867891214e-06
0.0 3.5938901254129706e-06
0.0 3.4849843640368202e-06
0.0 3.3760786026606694e-06
0.0 3.3034747617432355e-06
0.0 3.194569000367085e-06
0.0 3.121965159449651e-06
0.0 3.0130593980735008e-06
0.0 2.9404555571560668e-06
0.0 2.8315497957799164e-06
0.0 2.7589459548624824e-06
0.0 2.686342113945049e-06
0.0 2.613738273027615e-06
0.0 2.5411344321101813e-06
0.0 2.4685305911927477e-06
0.0 2.3959267502753137e-06
0.0 2.32332290935788e-06
0.0 2.250719068440446e-06
0.0 2.1781152275230126e-06
0.0 2.1055113866055786e-06
0.0 2.069209466146862e-06
0.0 1.9966056252294282e-06
0.0 1.9240017843119942e-06
0.0 1.8876998638532775e-06
0.0 1.8150960229358437e-06
0.0 1.778794102477127e-06
0.0 1.7061902615596931e-06
0.0 1.6698883411009763e-06
0.0 1.6335864206422593e-06
0.0 1.5609825797248256e-06
0.0 1.5246806592661088e-06
0.0 1.488378738807392e-06
0.0 1.452076818348675e-06
0.0 1.3794729774312412e-06
0.0 1.3431710569725244e-06
0.0 1.3068691365138074e-06
0.0 1.2705672160550906e-06
0.0 1.2342652955963739e-06
0.0 1.1979633751376569e-06
0.0 1.16166145467894e-06
0.0 1.125359534220223e-06
0.0 1.0890576137615063e-06
0.0 1.0527556933027893e-06
0.0 1.0164537728440725e-06
0.0 9.801518523853557e-07
0.0 9.438499319266387e-07
0.0 9.075480114679218e-07
0.0 8.712460910092051e-07
0.0 8.349441705504882e-07
0.0 7.986422500917713e-07
0.0 7.623403296330544e-07
0.0 7.260384091743375e-07
0.0 6.897364887156206e-07
0.0 6.534345682569037e-07
0.0 6.171326477981869e-07
0.0 5.8083072733947e-07
0.0 5.445288068807531e-07
0.0 5.082268864220363e-07
0.0 4.7192496596331937e-07
0.0 4.3562304550460253e-07
0.0 3.9932112504588564e-07
0.0 3.6301920458716875e-07
0.0 3.2671728412845186e-07
0.0 2.90415363669735e-07
0.0 2.5411344321101813e-07
0.0 2.1781152275230126e-07
0.0 1.8150960229358437e-07
0.0 1.452076818348675e-07
0.0 1.0890576137615063e-07
0.0 7.260384091743375e-08
0.0 3.630192045871688e-08
0.0 0.0
