0.000000 0.000000
0.000000 0.000000
0.000000 0.000000
0.000000 0.000000
0.000000 0.000000
0.000000 0.000000
0.000000 0.000000
0.000000 0.000000
0.000000 0.000000
0.000000 0.000000
0.000000 0.000000
0.000000 0.000000
0.000000 0.000000
0.000000 0.000000
0.000000 0.000000
0.000000 0.000000
0.000000 0.000000
0.000000 0.000000
0.000000 0.000000
0.000000 0.000000
0.000000 0.000000
0.000000 0.000000
0.000000 0.000000
0.000000 0.000000
0.000000 0.000000
0.000000 0.000000
0.000000 0.000000
0.000000 0.000000
0.000000 0.000000
0.000000 0.000000
0.000000 0.000000
0.000000 0.000000
0.000000 0.000000
0.000000 0.000000
0.000000 0.000000
0.000000 0.000000
0.000000 0.000000
0.000000 0.000000
0.000000 0.000000
0.000000 0.000000
0.000000 0.000000
0.000000 0.000000
0.000000 0.000000
0.000000 0.000000
0.000000 0.000000
0.000000 0.000000
0.000000 0.000000
0.000000 0.000000
0.000000 0.000000
0.000000 0.000000
0.000000 0.000000
0.000000 0.000000
0.000000 0.000000
0.000000 0.000000
0.000000 0.000000
0.000000 0.000000
0.000000 0.000000
0.000000 0.000000
0.000000 0.000000
0.000000 0.000000
0.000000 0.000000
0.000000 0.000000
0.000000 0.000000
0.000000 0.000000
0.000000 0.000000
0.000000 0.000000
0.000000 0.000191
0.000000 0.000191
0.000000 0.000191
0.000000 0.000191
0.000000 0.000191
0.000000 0.000191
0.000000 0.000191
0.000000 0.000191
0.000000 0.000191
0.000000 0.000191
0.000001 0.000191
0.000001 0.000191
0.000001 0.000191
0.000001 0.000191
0.000001 0.000191
0.000001 0.000191
0.000001 0.000191
0.000001 0.000191
0.000001 0.000191
0.000001 0.000191
0.000001 0.000191
0.000001 0.000191
0.000001 0.000191
0.000001 0.000191
0.000001 0.000191
0.000001 0.000191
0.000001 0.000191
0.000001 0.000191
0.000001 0.000191
0.000001 0.000191
0.000001 0.000191
0.000001 0.000191
0.000001 0.000191
0.000001 0.000191
0.000001 0.000191
0.000001 0.000191
0.000001 0.000191
0.000001 0.000191
0.000001 0.000191
0.000001 0.000191
0.000001 0.000191
0.000001 0.000191
0.000001 0.000191
0.000002 0.000191
0.000002 0.000191
0.000002 0.000191
0.000002 0.000191
0.000002 0.000191
0.000002 0.000191
0.000002 0.000191
0.000002 0.000191
0.000002 0.000191
0.000002 0.000191
0.000002 0.000191
0.000002 0.000191
0.000002 0.000191
0.000002 0.000191
0.000002 0.000191
0.000003 0.000191
0.000003 0.000191
0.000003 0.000191
0.000003 0.000191
0.000003 0.000191
0.000003 0.000191
0.000003 0.000191
0.000003 0.000191
0.000003 0.000191
0.000003 0.000191
0.000004 0.000191
0.000004 0.000191
0.000004 0.000191
0.000004 0.000191
0.000004 0.000191
0.000004 0.000191
0.000004 0.000191
0.000005 0.000191
0.000005 0.000191
0.000005 0.000191
0.000005 0.000191
0.000005 0.000191
0.000005 0.000191
0.000006 0.000191
0.000006 0.000191
0.000006 0.000191
0.000006 0.000191
0.000006 0.000191
0.000007 0.000381
0.000007 0.000381
0.000007 0.000381
0.000007 0.000381
0.000008 0.000572
0.000008 0.000762
0.000008 0.000762
0.000009 0.000762
0.000009 0.000762
0.000009 0.000762
0.000009 0.000762
0.000010 0.000953
0.000010 0.000953
0.000010 0.000953
0.000011 0.001334
0.000011 0.001524
0.000012 0.001524
0.000012 0.001715
0.000012 0.001715
0.000013 0.001715
0.000013 0.001715
0.000014 0.001715
0.000014 0.001715
0.000015 0.001905
0.000015 0.001905
0.000016 0.002096
0.000016 0.002286
0.000017 0.002286
0.000018 0.002286
0.000018 0.002667
0.000019 0.002667
0.000019 0.002858
0.000020 0.003048
0.000021 0.003048
0.000022 0.003048
0.000022 0.003429
0.000023 0.003429
0.000024 0.003620
0.000025 0.003620
0.000026 0.003620
0.000026 0.004001
0.000027 0.004191
0.000028 0.004953
0.000029 0.004953
0.000030 0.005334
0.000031 0.005334
0.000033 0.005334
0.000034 0.005525
0.000035 0.005525
0.000036 0.005525
0.000037 0.005525
0.000039 0.005525
0.000040 0.005525
0.000041 0.005525
0.000043 0.005715
0.000044 0.006096
0.000046 0.006096
0.000047 0.006287
0.000049 0.006477
0.000051 0.006668
0.000053 0.006858
0.000054 0.007239
0.000056 0.007811
0.000058 0.008002
0.000060 0.008192
0.000062 0.008192
0.000065 0.008573
0.000067 0.008764
0.000069 0.008764
0.000072 0.008764
0.000074 0.009145
0.000077 0.009526
0.000079 0.009907
0.000082 0.009907
0.000085 0.010097
0.000088 0.010097
0.000091 0.010478
0.000094 0.010478
0.000098 0.011050
0.000101 0.011240
0.000104 0.011240
0.000108 0.011240
0.000112 0.011812
0.000116 0.012193
0.000120 0.013145
0.000124 0.013526
0.000128 0.013907
0.000133 0.015050
0.000138 0.015432
0.000142 0.015622
0.000147 0.016194
0.000152 0.016575
0.000158 0.016956
0.000163 0.017146
0.000169 0.017337
0.000175 0.018099
0.000181 0.019623
0.000187 0.020385
0.000194 0.021718
0.000201 0.024005
0.000208 0.024957
0.000215 0.025910
0.000222 0.027053
0.000230 0.027434
0.000238 0.028196
0.000246 0.028577
0.000255 0.029339
0.000264 0.030101
0.000273 0.031816
0.000283 0.032768
0.000293 0.033721
0.000303 0.035054
0.000313 0.036197
0.000324 0.037912
0.000336 0.039436
0.000347 0.040579
0.000360 0.041532
0.000372 0.042865
0.000385 0.044770
0.000399 0.045532
0.000412 0.047819
0.000427 0.049343
0.000442 0.050676
0.000457 0.051629
0.000473 0.053725
0.000490 0.054868
0.000507 0.056392
0.000525 0.058106
0.000543 0.062107
0.000562 0.063441
0.000581 0.065346
0.000602 0.067441
0.000623 0.070490
0.000645 0.073347
0.000667 0.075824
0.000690 0.079063
0.000714 0.081730
0.000739 0.084207
0.000765 0.087445
0.000792 0.089731
0.000820 0.091827
0.000848 0.092970
0.000878 0.096399
0.000909 0.098876
0.000940 0.102115
0.000973 0.105353
0.001007 0.108021
0.001042 0.111259
0.001079 0.114689
0.001116 0.119832
0.001155 0.123833
0.001196 0.127072
0.001238 0.132597
0.001281 0.136788
0.001325 0.139074
0.001372 0.142884
0.001420 0.146504
0.001469 0.150886
0.001521 0.154887
0.001574 0.161364
0.001629 0.165174
0.001686 0.169556
0.001744 0.173747
0.001805 0.177558
0.001868 0.182892
0.001934 0.188798
0.002001 0.196990
0.002071 0.201181
0.002143 0.205372
0.002218 0.212612
0.002296 0.219280
0.002376 0.223471
0.002459 0.230139
0.002545 0.236045
0.002634 0.241379
0.002726 0.246333
0.002821 0.252429
0.002919 0.259287
0.003021 0.267670
0.003127 0.274338
0.003236 0.281387
0.003349 0.289198
0.003466 0.298152
0.003587 0.305201
0.003713 0.312250
0.003842 0.321395
0.003976 0.331111
0.004115 0.338541
0.004259 0.348447
0.004408 0.357782
0.004562 0.366927
0.004721 0.376262
0.004886 0.386740
0.005057 0.396266
0.005233 0.406554
0.005416 0.414936
0.005605 0.423509
0.005801 0.434178
0.006004 0.446942
0.006213 0.459326
0.006430 0.470185
0.006655 0.484664
0.006887 0.496476
0.007128 0.508859
0.007377 0.518003
0.007635 0.531911
0.007901 0.541817
0.008177 0.555725
0.008463 0.564298
0.008758 0.575919
0.009064 0.588303
0.009381 0.600114
0.009709 0.613260
0.010048 0.623166
0.010399 0.634407
0.010762 0.646028
0.011138 0.658221
0.011527 0.669461
0.011929 0.679939
0.012346 0.693275
0.012777 0.706420
0.013223 0.718423
0.013685 0.730425
0.014163 0.742618
0.014658 0.752905
0.015170 0.766813
0.015700 0.777291
0.016248 0.788341
0.016816 0.802058
0.017403 0.815584
0.018011 0.827967
0.018640 0.838826
0.019291 0.847590
0.019965 0.856925
0.020662 0.866260
0.021384 0.878072
0.022131 0.887407
0.022904 0.896552
0.023704 0.905887
0.024531 0.915222
0.025388 0.921890
0.026275 0.927796
0.027193 0.933321
0.028143 0.941513
0.029126 0.949705
0.030143 0.956373
0.031196 0.961326
0.032285 0.966470
0.033413 0.969327
0.034580 0.972947
0.035788 0.977520
0.037038 0.979806
0.038331 0.982663
0.039670 0.985331
0.041056 0.987426
0.042490 0.989903
0.043974 0.991046
0.045510 0.992951
0.047099 0.994475
0.048744 0.995047
0.050447 0.996190
0.052209 0.997523
0.054032 0.998095
0.055920 0.998476
0.057873 0.998857
0.059894 0.999428
0.061986 0.999428
0.064151 0.999619
0.066392 0.999619
0.068710 1.000000
0.071110 1.000000
0.073594 1.000000
0.076165 1.000000
0.078825 1.000000
0.081578 1.000000
0.084427 1.000000
0.087376 1.000000
0.090428 1.000000
0.093586 1.000000
0.096855 1.000000
0.100238 1.000000
0.103739 1.000000
0.107362 1.000000
0.111112 1.000000
0.114993 1.000000
0.119010 1.000000
0.123166 1.000000
0.127468 1.000000
0.131921 1.000000
0.136528 1.000000
0.141297 1.000000
0.146232 1.000000
0.151339 1.000000
0.156625 1.000000
0.162096 1.000000
0.167758 1.000000
0.173617 1.000000
0.179681 1.000000
0.185957 1.000000
0.192452 1.000000
0.199174 1.000000
0.206130 1.000000
0.213330 1.000000
0.220781 1.000000
0.228492 1.000000
0.236473 1.000000
0.244732 1.000000
0.253280 1.000000
0.262127 1.000000
0.271282 1.000000
0.280758 1.000000
0.290564 1.000000
0.300712 1.000000
0.311216 1.000000
0.322086 1.000000
0.333335 1.000000
0.344978 1.000000
0.357027 1.000000
0.369497 1.000000
0.382403 1.000000
0.395759 1.000000
0.409582 1.000000
0.423888 1.000000
0.438693 1.000000
0.454016 1.000000
0.469873 1.000000
0.486285 1.000000
0.503270 1.000000
0.520848 1.000000
0.539040 1.000000
0.557867 1.000000
0.577352 1.000000
0.597517 1.000000
0.618387 1.000000
0.639986 1.000000
0.662339 1.000000
0.685473 1.000000
0.709415 1.000000
0.734193 1.000000
0.759837 1.000000
0.786376 1.000000
0.813842 1.000000
0.842268 1.000000
0.871686 1.000000
0.902132 1.000000
0.933641 1.000000
0.966251 1.000000
1.000000 1.000000
