1.0 0.9999999636980795
1.0 0.9712207813102612
1.0 0.9432697183319471
1.0 0.9161228517975549
1.0 0.889757166289514
1.0 0.8641501183152192
1.0 0.8392798178166341
1.0 0.8151251733779721
1.0 0.7916654929045719
1.0 0.7688809192459423
1.0 0.7467519219688767
1.0 0.7252596240747367
1.0 0.7043857656975312
1.0 0.6841124862923949
1.0 0.66442257874903
1.0 0.6452991989763439
1.0 0.6267260837139711
1.0 0.6086874053245914
1.0 0.5911677354920101
1.0 0.5741521541269184
1.0 0.5576262130649741
1.0 0.5415757182552774
1.0 0.5259871290814975
1.0 0.5108470864369056
1.0 0.4961426668378181
1.0 0.4818613098197566
1.0 0.46799092684320825
1.0 0.45451957457634207
1.0 0.441435926819975
1.0 0.42872869367684435
1.0 0.4163871297784944
1.0 0.40440059866223066
1.0 0.39275904469608613
1.0 0.38145244855001414
1.0 0.3704711902150932
1.0 0.3598058674939245
1.0 0.3494474049063933
1.0 0.3393870173877487
1.0 0.3296161739866827
1.0 0.3201263437518877
1.0 0.310909721770465
1.0 0.3019582127141523
1.0 0.2932642294815737
1.0 0.28482051168863753
1.0 0.27661969004549064
1.0 0.26865483088532544
1.0 0.2609191457490161
1.0 0.2534060639889596
1.0 0.24610912386331427
1.0 0.2390222266494431
1.0 0.23213920102086807
1.0 0.22545420236839536
1.0 0.21896153129051293
1.0 0.21265577880107245
1.0 0.20653135440432324
1.0 0.20058324843524203
1.0 0.1948061971153623
1.0 0.18919544489310391
1.0 0.18374612731112547
1.0 0.17845356142168775
1.0 0.17331331839049482
1.0 0.16832093308133025
1.0 0.1634723033771822
1.0 0.15876310934951604
1.0 0.1541894303909223
1.0 0.1497473458939914
1.0 0.14543308045899567
1.0 0.14124296759196875
1.0 0.13717334079894428
1.0 0.13322089660516057
1.0 0.129382186328174
1.0 0.12565387019130242
1.0 0.12203289883322724
1.0 0.11851604138302767
0.9998094512195121 0.11510050259282836
0.9998094512195121 0.11178308789362898
0.9998094512195121 0.1085612561509974
0.9998094512195121 0.10543206690937647
0.9998094512195121 0.10239290643049315
0.9998094512195121 0.09944112467415396
0.9998094512195121 0.09657443461937001
0.9998094512195121 0.09379014992402734
0.9996189024390244 0.09108598356713707
0.9996189024390244 0.08845961222578981
0.9996189024390244 0.08590885778475807
0.9996189024390244 0.08343136061921202
0.9996189024390244 0.08102534193504919
0.9996189024390244 0.0786884784093602
0.9996189024390244 0.07641884604036077
0.9996189024390244 0.0742144845243461
0.9994283536585366 0.07207361506721373
0.9994283536585366 0.06999434996909981
0.9994283536585366 0.06797487413398139
0.9994283536585366 0.06601344506967645
0.9994283536585366 0.0641085743974462
0.9994283536585366 0.0622584470212677
0.9992378048780488 0.06046161086432259
0.9992378048780488 0.058716432340190236
0.9992378048780488 0.057021423070131826
0.9992378048780488 0.05537523988309039
0.9992378048780488 0.05377643070224758
0.9992378048780488 0.05222361605462597
0.9992378048780488 0.05071545276916858
0.9992378048780488 0.04925070658057981
0.9992378048780488 0.04782810692164361
0.9992378048780488 0.04644641952706439
0.9992378048780488 0.045104519037307916
0.999047256097561 0.04380124379091953
0.9988567073170732 0.04253546842836498
0.9988567073170732 0.04130606759011008
0.9986661585365854 0.04011213372814334
0.9982850609756098 0.038952577784851006
0.9982850609756098 0.037826274400698856
0.9980945121951219 0.036732461235357255
0.9979039634146342 0.03567008553313291
0.9977134146341463 0.0346382760479348
0.9973323170731707 0.033636234137512835
0.9973323170731707 0.03266290704617372
0.9967606707317073 0.03171771394319011
0.9965701219512195 0.03079956577094824
0.9965701219512195 0.029907954302561695
0.9963795731707317 0.029041971990019004
0.9959984756097561 0.028200929096831452
0.9958079268292683 0.027384063282669405
0.9954268292682927 0.026590721112964608
0.9948551829268293 0.02582028545506926
0.9946646341463414 0.02507188506289235
0.9944740853658537 0.02434508431338838
0.9939024390243902 0.02363922977198909
0.9933307926829268 0.02295374060796714
0.9929496951219512 0.022287890782913353
0.9923780487804879 0.021641244673782232
0.9918064024390244 0.02101322144984643
0.9908536585365854 0.020403349186139987
0.9904725609756098 0.019810901844253725
0.9897103658536586 0.01923558900882398
0.989329268292683 0.018676757245282494
0.9883765243902439 0.018134116138265592
0.9881859756097561 0.017606939649364106
0.9874237804878049 0.01709504626897574
0.9864710365853658 0.01659792777021407
0.9858993902439024 0.01611503962427222
0.9855182926829268 0.0156460188119456
0.984375 0.015190647521711453
0.9839939024390244 0.014748199715160611
0.9836128048780488 0.014318530184611239
0.9826600609756098 0.013901348514699664
0.9811356707317073 0.013496255384300843
0.9799923780487805 0.01310274256652835
0.9796112804878049 0.012720447042177604
0.9784679878048781 0.012349223603566765
0.9767530487804879 0.011988890741093541
0.9754192073170732 0.011638831322110134
0.9740853658536586 0.011298827535093793
0.9723704268292683 0.01096873417236268
0.9712271341463414 0.010648006705109916
0.9698932926829268 0.010336536227574125
0.9681783536585366 0.010034141230153015
0.9674161585365854 0.009740240882119243
0.9670350609756098 0.009454726277711434
0.9653201219512195 0.009177742624611424
0.9622713414634146 0.008908926903614625
0.9605564024390244 0.00864766198207324
0.9592225609756098 0.008393802652305434
0.9573170731707317 0.008147385216231663
0.9552210365853658 0.00790811925848826
0.952172256097561 0.007675895873313849
0.9508384146341463 0.007450061626140171
0.9498856707317073 0.007230652818887686
0.9485518292682927 0.007017596847715477
0.9458841463414634 0.0068110752222258365
0.944359756097561 0.006610180394407297
0.9432164634146342 0.006415021270021235
0.9415015243902439 0.006225597849067651
0.9397865853658537 0.006041619716182873
0.9375 0.005863086871366904
0.934641768292683 0.005689781503096989
0.9323551829268293 0.005521376894089002
0.9302591463414634 0.005357800440502024
0.9275914634146342 0.005199015840415596
0.9237804878048781 0.005045059395750178
0.9211128048780488 0.004895350275778429
0.916920731707317 0.004750251499704938
0.9140625 0.004609073331040988
0.9104420731707317 0.004472106185150249
0.9079649390243902 0.004338950740907676
0.9054878048780488 0.004209570696392809
0.9018673780487805 0.004084183863128401
0.8986280487804879 0.003962354618068947
0.8946265243902439 0.0038441555650553646
0.891577743902439 0.003729223684883067
0.8885289634146342 0.0036176315813929716
0.8833841463414634 0.0035096333680282887
0.8782393292682927 0.0034047934217435144
0.8753810975609756 0.003302530911811309
0.8723323170731707 0.003203317763197636
0.8683307926829268 0.003107117673982036
0.8637576219512195 0.003013785436482675
0.8586128048780488 0.0029233573526200114
0.854420731707317 0.0028353251955076228
0.8492759146341463 0.002750015682429638
0.8456554878048781 0.002666920586499635
0.8414634146341463 0.0025863666250017423
0.8366996951219512 0.002508244892174584
0.8313643292682927 0.0024324827841772415
0.827172256097561 0.0023587535837255877
0.8225990853658537 0.0022872024985014566
0.8176448170731707 0.002217829528504849
0.8117378048780488 0.0021506709756562224
0.8054496951219512 0.0020855090284328257
0.8003048780487805 0.0020220895733914475
0.7951600609756098 0.0019604852143730047
0.7883003048780488 0.0019010226686616265
0.7823932926829268 0.0018431211055299733
0.7785823170731707 0.0017865264115348336
0.7728658536585366 0.0017319283231649234
0.7690548780487805 0.0016786008020110684
0.7648628048780488 0.0016268705653573968
0.7593368902439024 0.0015769191228062023
0.7545731707317073 0.0015283108513119805
0.749047256097561 0.0014812272604770246
0.7444740853658537 0.0014353779349376653
0.7395198170731707 0.0013909443842961959
0.734375 0.0013478540047116988
0.7290396341463414 0.001306034192343257
0.7221798780487805 0.00126577536255454
0.7172256097560976 0.0012263514769363735
0.7113185975609756 0.0011882344604547208
0.7071265243902439 0.0011509523881436186
0.7010289634146342 0.001115122392650865
0.6949314024390244 0.0010803451528514142
0.6882621951219512 0.0010467295745066423
0.682545731707317 0.0010139126384119622
0.6783536585365854 0.0009818217407264566
0.6730182926829268 0.0009508562025751711
0.6686356707317073 0.0009206530047535187
0.6621570121951219 0.0008917203741479213
0.6556783536585366 0.0008636589896333332
0.6491996951219512 0.0008364688512097542
0.6438643292682927 0.0008098232415930561
0.637766768292683 0.0007841214819082845
0.6320503048780488 0.000759182062553146
0.6251905487804879 0.0007351864931299341
0.6187118902439024 0.0007118443582749792
0.6133765243902439 0.0006889741483859876
0.6086128048780488 0.0006667210711447942
0.5996570121951219 0.0006458837688014907
0.5929878048780488 0.0006253005799013981
0.5874618902439024 0.0006051167121263516
0.5806021341463414 0.0005857677885218555
0.5750762195121951 0.0005667818841219466
0.5680259146341463 0.0005486672258130468
0.5625 0.0005308066809473582
0.555640243902439 0.00051378108025222
0.5485899390243902 0.0004973000083639625
0.5426829268292683 0.00048107304991891605
0.5365853658536586 0.00046542692220120907
0.5316310975609756 0.0004500349079267131
0.5264862804878049 0.0004351511205386392
0.5196265243902439 0.00042106597540065703
0.5118140243902439 0.0004075979629104731
0.5062881097560976 0.0003940936484998304
0.5003810975609756 0.00038109756097560977
0.49371189024390244 0.0003686823041787286
0.4874237804878049 0.00035655746274551717
0.48285060975609756 0.00034450522515322316
0.4769435975609756 0.00033307012020872734
0.4714176829268293 0.00032192543062790126
0.4647484756097561 0.0003113252698539559
0.4578887195121951 0.0003011244302050565
0.45160060975609756 0.00029114140207890936
0.44378810975609756 0.0002817755066005604
0.43883384146341464 0.00027219179959945915
0.43159298780487804 0.00026333413100753224
0.4253048780487805 0.00025458536817698146
0.4176829268292683 0.00024638113415331145
0.4115853658536585 0.00023817690012964141
0.40720274390243905 0.00022990006226505398
0.4018673780487805 0.00022205884744597114
0.3957698170731707 0.00021461695375193417
0.3908155487804878 0.00020721136197835593
0.38433689024390244 0.00020035029901165844
0.3801448170731707 0.00019327142452220863
0.375 0.00018659187115780475
0.3679496951219512 0.000180529450441199
0.3624237804878049 0.00017435812396321716
0.3586128048780488 0.00016807789172385912
0.3523246951219512 0.00016248739597321673
0.3477515243902439 0.00015675169254073947
0.3408917682926829 0.0001516331217560604
0.3353658536585366 0.00014644194713046388
0.3306021341463415 0.0001413233763457848
0.3246951219512195 0.0001365678247656929
0.3199314024390244 0.00013173966934468354
0.3153582317073171 0.0001270930235259678
0.3083079268292683 0.0001230272084345915
0.3044969512195122 0.0001185257702977106
0.2999237804878049 0.00011431474752449944
0.2943978658536585 0.00011043044203541673
0.29020579268292684 0.00010643723078495787
0.2863948170731707 0.00010251662337541645
0.28239329268292684 9.87412236477099e-05
0.2785823170731707 9.511103160183822e-05
0.27515243902439024 9.148083955596652e-05
0.2698170731707317 8.835887439651687e-05
0.2652439024390244 8.52006073166085e-05
0.2604801829268293 8.222384983899372e-05
0.2553353658536585 7.93923000432138e-05
0.25209603658536583 7.630663680422288e-05
0.2461890243902439 7.387440813348884e-05
0.24047256097560976 7.147848138321353e-05
0.23608993902439024 6.893734695110335e-05
0.23132621951219512 6.657772212128675e-05
0.2269435975609756 6.421809729147016e-05
0.2229420731707317 6.189477438211227e-05
0.21722560975609756 5.997077259780028e-05
0.2113185975609756 5.819197849532315e-05
0.20769817073170732 5.605016518825886e-05
0.20369664634146342 5.405355956302943e-05
0.1995045731707317 5.216585969917615e-05
0.19626524390243902 5.020555599440544e-05
0.19207317073170732 4.846306381238703e-05
0.18826219512195122 4.6756873550827334e-05
0.18635670731707318 4.472396600513919e-05
0.18273628048780488 4.3126681504955645e-05
0.1793064024390244 4.15293970047721e-05
0.17530487804878048 4.011362210688215e-05
0.17244664634146342 3.855263952715732e-05
0.1682545731707317 3.728207231110223e-05
0.1642530487804878 3.6047807015505856e-05
0.1604420731707317 3.48498436403682e-05
0.1558689024390244 3.383338986752413e-05
0.15282012195121952 3.256282265146904e-05
0.14900914634146342 3.151006695816625e-05
0.14557926829268292 3.045731126486346e-05
0.14272103658536586 2.9331951730643237e-05
0.13986280487804878 2.8242894116881728e-05
0.1364329268292683 2.729904418495509e-05
0.13357469512195122 2.6318892332569734e-05
0.13071646341463414 2.5375042400643096e-05
0.12690548780487804 2.4649003991468757e-05
0.125 2.359624829816597e-05
0.12233231707317073 2.276130412761548e-05
0.11966463414634146 2.1926359957064992e-05
0.11680640243902439 2.1200321547890656e-05
0.11471036585365854 2.032907545688145e-05
0.11280487804878049 1.949413128633096e-05
0.109375 1.8949602479450207e-05
0.10746951219512195 1.8187262149817154e-05
0.10518292682926829 1.7497525661101533e-05
0.10270579268292683 1.6880393013303346e-05
0.10041920731707317 1.626326036550516e-05
0.0977515243902439 1.5755033479083124e-05
0.09603658536585366 1.510159891082622e-05
0.09470274390243902 1.44118624221106e-05
0.09203506097560976 1.3976239376605997e-05
0.0897484756097561 1.3504314410642678e-05
0.08860518292682927 1.2850879842385774e-05
0.0861280487804878 1.2451558717339888e-05
0.08479420731707317 1.1870727990000418e-05
0.0821265243902439 1.1580312626330684e-05
0.08022103658536585 1.114468958082608e-05
0.0779344512195122 1.0817972296697629e-05
0.07602896341463415 1.045495309211046e-05
0.0743140243902439 1.0055631967064574e-05
0.07145579268292683 9.910424285229707e-06
0.0703125 9.438499319266388e-06
0.06859756097560976 9.111782035137936e-06
0.06707317073170732 8.748762830550766e-06
0.06573932926829268 8.385743625963598e-06
0.06364329268292683 8.204234023670014e-06
0.06288109756097561 7.76861097816541e-06
0.06097560975609756 7.55079945541311e-06
0.059641768292682924 7.260384091743375e-06
0.0586890243902439 6.897364887156206e-06
0.057545731707317076 6.606949523486471e-06
0.05506859756097561 6.570647603027754e-06
0.05354420731707317 6.352836080275453e-06
0.052210365853658534 6.135024557523152e-06
0.05125762195121951 5.844609193853417e-06
0.04954268292682927 5.735703432477266e-06
0.048589939024390245 5.481589989266248e-06
0.047446646341463415 5.263778466513947e-06
0.04611280487804878 5.118570784679079e-06
0.04535060975609756 4.864457341468061e-06
0.04420731707317073 4.682947739174477e-06
0.042682926829268296 4.574041977798326e-06
0.041920731707317076 4.356230455046025e-06
0.04096798780487805 4.211022773211157e-06
0.03982469512195122 4.06581509137629e-06
0.039253048780487805 3.8480035686239885e-06
0.03791920731707317 3.775399727706555e-06
0.03715701219512195 3.5938901254129706e-06
0.036204268292682924 3.448682443578103e-06
0.035442073170731704 3.3034747617432355e-06
0.034870426829268296 3.121965159449651e-06
0.033727134146341466 3.0493613185322175e-06
0.03315548780487805 2.90415363669735e-06
0.03239329268292683 2.795247875321199e-06
0.031821646341463415 2.613738273027615e-06
0.03086890243902439 2.577436352568898e-06
0.03010670731707317 2.4685305911927477e-06
0.02972560975609756 2.287020988899163e-06
0.028772865853658538 2.250719068440446e-06
0.028201219512195123 2.141813307064296e-06
0.027439024390243903 2.069209466146862e-06
0.026676829268292682 1.9966056252294282e-06
0.025914634146341462 1.9240017843119942e-06
0.025533536585365852 1.8150960229358437e-06
0.024771341463414635 1.778794102477127e-06
0.02419969512195122 1.6698883411009763e-06
0.023246951219512195 1.6698883411009763e-06
0.022865853658536585 1.5972845001835425e-06
0.02229420731707317 1.5246806592661088e-06
0.02153201219512195 1.488378738807392e-06
0.021150914634146343 1.4157748978899582e-06
0.020579268292682928 1.3431710569725244e-06
0.020198170731707318 1.2705672160550906e-06
0.019626524390243903 1.2342652955963739e-06
0.019054878048780487 1.1979633751376569e-06
0.018292682926829267 1.1979633751376569e-06
0.017721036585365852 1.16166145467894e-06
0.01714939024390244 1.16166145467894e-06
0.016577743902439025 1.125359534220223e-06
0.01638719512195122 1.0527556933027893e-06
0.015815548780487805 1.0527556933027893e-06
0.015434451219512195 9.801518523853557e-07
0.015053353658536585 9.438499319266387e-07
0.014672256097560975 9.075480114679218e-07
0.014291158536585366 8.712460910092051e-07
0.013910060975609756 8.349441705504882e-07
0.013338414634146341 8.349441705504882e-07
0.013338414634146341 7.623403296330544e-07
0.012766768292682926 7.623403296330544e-07
0.012576219512195123 7.260384091743375e-07
0.012195121951219513 6.897364887156206e-07
0.012004573170731708 6.534345682569037e-07
0.011432926829268292 6.534345682569037e-07
0.011051829268292682 6.534345682569037e-07
0.010861280487804877 6.171326477981869e-07
0.010480182926829269 6.171326477981869e-07
0.010289634146341464 5.8083072733947e-07
0.009908536585365854 5.8083072733947e-07
0.009908536585365854 5.082268864220363e-07
0.009717987804878049 4.7192496596331937e-07
0.009527439024390244 4.3562304550460253e-07
0.009146341463414634 4.3562304550460253e-07
0.008765243902439025 4.3562304550460253e-07
0.00857469512195122 4.3562304550460253e-07
0.00819359756097561 4.3562304550460253e-07
0.0078125 4.3562304550460253e-07
0.0078125 3.9932112504588564e-07
0.00743140243902439 3.9932112504588564e-07
0.007240853658536586 3.9932112504588564e-07
0.006859756097560976 3.9932112504588564e-07
0.006859756097560976 3.6301920458716875e-07
0.006669207317073171 3.6301920458716875e-07
0.0064786585365853655 3.2671728412845186e-07
0.006288109756097561 3.2671728412845186e-07
0.006097560975609756 3.2671728412845186e-07
0.006097560975609756 2.90415363669735e-07
0.005907012195121951 2.5411344321101813e-07
0.005716463414634146 2.5411344321101813e-07
0.005525914634146341 2.5411344321101813e-07
0.005335365853658537 2.5411344321101813e-07
0.005335365853658537 2.1781152275230126e-07
0.005335365853658537 1.8150960229358437e-07
0.005144817073170732 1.8150960229358437e-07
0.004954268292682927 1.8150960229358437e-07
0.004763719512195122 1.8150960229358437e-07
0.004573170731707317 1.8150960229358437e-07
0.004382621951219513 1.8150960229358437e-07
0.004192073170731708 1.8150960229358437e-07
0.0040015243902439025 1.8150960229358437e-07
0.0040015243902439025 1.452076818348675e-07
0.0038109756097560975 1.452076818348675e-07
0.003620426829268293 1.452076818348675e-07
0.003429878048780488 1.452076818348675e-07
0.0032393292682926828 1.452076818348675e-07
0.003048780487804878 1.452076818348675e-07
0.002858231707317073 1.452076818348675e-07
0.0026676829268292685 1.452076818348675e-07
0.0024771341463414634 1.452076818348675e-07
0.0024771341463414634 1.0890576137615063e-07
0.0024771341463414634 7.260384091743375e-08
0.0022865853658536584 7.260384091743375e-08
0.0022865853658536584 3.630192045871688e-08
0.002096036585365854 3.630192045871688e-08
0.002096036585365854 0.0
0.0019054878048780487 0.0
0.001714939024390244 0.0
0.001524390243902439 0.0
0.0013338414634146342 0.0
0.0011432926829268292 0.0
0.0009527439024390244 0.0
0.0007621951219512195 0.0
0.0005716463414634146 0.0
0.00038109756097560977 0.0
0.00019054878048780488 0.0
0.0 0.0
