1.0 0.9999999636980795
1.0 0.9712207813102612
1.0 0.9432697183319471
1.0 0.9161228880994754
1.0 0.889757166289514
1.0 0.8641501183152192
1.0 0.8392798541185545
1.0 0.8151251733779721
1.0 0.7916654929045719
1.0 0.7688809192459423
1.0 0.7467518856669563
1.0 0.7252595877728162
1.0 0.7043857656975312
1.0 0.6841124862923949
1.0 0.66442257874903
1.0 0.6452991989763439
1.0 0.6267260837139711
1.0 0.6086874053245914
1.0 0.5911677354920101
1.0 0.5741521541269184
1.0 0.5576262130649741
1.0 0.5415757545571979
1.0 0.5259871290814975
1.0 0.5108470864369056
1.0 0.4961426668378181
1.0 0.4818613098197566
1.0 0.4679908905412878
0.9998094512195121 0.454519647180183
0.9998094512195121 0.441435926819975
0.9998094512195121 0.4287287299787648
0.9996189024390244 0.4163872023823353
0.9996189024390244 0.40440070756799207
0.9996189024390244 0.3927591172999271
0.9994283536585366 0.38145255745577555
0.9988567073170732 0.370471408026616
0.9986661585365854 0.3598060853054473
0.9986661585365854 0.34944765901983654
0.9986661585365854 0.3393873441050328
0.9986661585365854 0.3296164281001259
0.9982850609756098 0.32012674307301275
0.9979039634146342 0.31091012109159005
0.9979039634146342 0.30195861203527735
0.9977134146341463 0.2932647377084601
0.9975228658536586 0.28482098361360353
0.997141768292683 0.2766202345742975
0.9967606707317073 0.26865544801797325
0.9954268292682927 0.26092005329702755
0.9948551829268293 0.2534070804427324
0.9944740853658537 0.24611021292092802
0.9940929878048781 0.23902331570705687
0.9935213414634146 0.2321403989842432
0.9927591463414634 0.2254555818413728
0.9918064024390244 0.21896312857501313
0.9904725609756098 0.21265755759517493
0.9879954268292683 0.2065336777272326
0.9860899390243902 0.2005858984754355
0.983422256097561 0.19480939168436265
0.9809451219512195 0.18919911138707024
0.9788490853658537 0.18375015682429638
0.9767530487804879 0.1784580265579042
0.9738948170731707 0.17331829175359767
0.9706554878048781 0.1683265961809218
0.9670350609756098 0.16347858360942155
0.9626524390243902 0.15877022452592596
0.9596036585365854 0.15419712639805955
0.9554115853658537 0.1497558042414583
0.9504573170731707 0.14544251895831495
0.9447408536585366 0.14125345884698132
0.9394054878048781 0.13718495741349107
0.9348323170731707 0.1332333481638779
0.9312118902439024 0.1293952913214596
0.9266387195121951 0.12566784643067902
0.9199695121951219 0.12204810933789943
0.9140625 0.118532449851075
0.9077743902439024 0.11511803642040992
0.9001524390243902 0.1118020737980289
0.8940548780487805 0.10858136741493153
0.8864329268292683 0.10545359394820848
0.8801448170731707 0.10241570403654122
0.8729039634146342 0.09946537435702038
0.8633765243902439 0.09660042679441845
0.856516768292683 0.0938174489682123
0.8490853658536586 0.09111469838621991
0.8429878048780488 0.08848948870632733
0.834984756097561 0.0859402226440344
0.8250762195121951 0.08346472208411358
0.817454268292683 0.08106004657100772
0.8079268292682927 0.07872499814134168
0.8003048780487805 0.07645681784916059
0.7907774390243902 0.07425430773108932
0.7806783536585366 0.0721153259738208
0.7732469512195121 0.0700374403486843
0.7641006097560976 0.0680197070057479
0.7578125 0.06605951220673857
0.7494283536585366 0.06415620251708803
0.7419969512195121 0.06230749091580742
0.7330411585365854 0.060512324647203415
0.723704268292683 0.05876888861525308
0.7128429878048781 0.05707602115850174
0.7038871951219512 0.055431471557880946
0.6941692073170732 0.05383455007690199
0.6855945121951219 0.05228336901570101
0.6764481707317073 0.050776875618584724
0.6676829268292683 0.049313871922177975
0.6585365853658537 0.0478930147554238
0.6490091463414634 0.04651314245686751
0.6408155487804879 0.045172766647770306
0.6343368902439024 0.04387072566667751
0.6248094512195121 0.042606729098225445
0.6149009146341463 0.041379215959834396
0.6046112804878049 0.04018720609965196
0.5967987804878049 0.039028993327416606
0.5851753048780488 0.03790497696425335
0.5743140243902439 0.036813160404536985
0.5661204268292683 0.03575234568489236
0.5567835365853658 0.03472220608803535
0.547827743902439 0.03372187036787495
0.5394435975609756 0.03275014056103601
0.532202743902439 0.03180621802526846
0.520579268292683 0.030890320572095033
0.5120045731707317 0.03000027008628821
0.5040015243902439 0.02913577615248433
0.4959984756097561 0.02829611273227421
0.4878048780487805 0.027480807900691885
0.4796112804878049 0.02668902671356681
0.4737042682926829 0.025919534905603392
0.4653201219512195 0.025172768099847125
0.45884146341463417 0.024447129011797835
0.4498856707317073 0.023742835452978266
0.4418826219512195 0.023058798365774666
0.43654725609756095 0.022393892390652807
0.42835365853658536 0.02174869835834003
0.4213033536585366 0.021121873097779367
0.4144435975609756 0.020513162495527603
0.4066310975609756 0.019922094626618776
0.3980564024390244 0.019348306471848296
0.39195884146341464 0.01879056376592057
0.3858612804878049 0.018248902810756057
0.3786204268292683 0.017723069492911542
0.3696646341463415 0.0172127370951029
0.3635670731707317 0.016716598748193617
0.35785060975609756 0.01623469075410415
0.3511814024390244 0.015766867905152665
0.3443216463414634 0.015312585672532283
0.33708079268292684 0.014871481037038415
0.3317454268292683 0.01444268275258005
0.3256478658536585 0.01402651753644132
0.3176448170731707 0.013622658671338094
0.31059451219512196 0.013230271213099824
0.30583079268292684 0.012848774330999168
0.29782774390243905 0.012478894063445302
0.2930640243902439 0.012119142031699419
0.2884908536585366 0.011769699745363809
0.28239329268292684 0.011430603506358935
0.2766768292682927 0.011101272483957455
0.27134146341463417 0.010781343658954784
0.2654344512195122 0.010470744427510002
0.26009908536585363 0.010169039166577605
0.2551448170731707 0.009875901158873468
0.25 0.009591366706318044
0.24409298780487804 0.009315145393547667
0.2385670731707317 0.009046801597516833
0.23246951219512196 0.008786371620145998
0.22732469512195122 0.008533238328787366
0.22313262195121952 0.0082872565157591
0.22008384146341464 0.00804817206761799
0.21532012195121952 0.007816275399727707
0.20922256097560976 0.007591385002485956
0.20541158536585366 0.007372520724040352
0.2029344512195122 0.007159718866311353
0.1995045731707317 0.00695326984466263
0.19607469512195122 0.006752738036048678
0.19188262195121952 0.006558159742389956
0.18635670731707318 0.006369462359845545
0.18273628048780488 0.006185847246165356
0.17816310975609756 0.006007750024394891
0.17378048780487804 0.005834735071488646
0.17035060975609756 0.005666548274003411
0.1644435975609756 0.005503697858825607
0.16120426829268292 0.005345022164500555
0.15796493902439024 0.005190956814073761
0.15529725609756098 0.005041247694102012
0.15148628048780488 0.004896076314187604
0.14786585365853658 0.004755043353205489
0.1442454268292683 0.004618112509235208
0.1410060975609756 0.004484993366913094
0.13719512195121952 0.0043559400396823555
0.13433689024390244 0.004230407998736112
0.1291920731707317 0.004108941772881246
0.12576219512195122 0.003990633814106287
0.12176067073170732 0.0038758834435362833
0.12004573170731707 0.0037640372266029764
0.1169969512195122 0.0036556396921132482
0.11280487804878049 0.0035506182362261803
0.11013719512195122 0.003448319424373516
0.10746951219512195 0.0033490336719189254
0.10480182926829268 0.0032525794692601145
0.1013719512195122 0.0031590657221584597
0.09965701219512195 0.0030679479018070805
0.0975609756097561 0.002979516423569646
0.09527439024390244 0.002893662381684781
0.09165396341463415 0.002810530983834319
0.0899390243902439 0.0027295413992909218
0.08784298780487805 0.0026509114395773413
0.08517530487804878 0.002574641104693577
0.08346036585365854 0.0025004399792759595
0.08136432926829268 0.0024284169690858655
0.07964939024390244 0.002358426866441459
0.07698170731707317 0.002290651180945035
0.07583841463414634 0.0022245090818692526
0.0743140243902439 0.0021603998903391586
0.07298018292682927 0.0020980694929115416
0.07088414634146341 0.0020376993991886956
0.06993140243902439 0.0019788539861251156
0.06745426829268293 0.0019220051786867649
0.06573932926829268 0.0018666447499872216
0.06440548780487805 0.0018128453038674032
0.06288109756097561 0.0017606068403273098
0.06211890243902439 0.0017097478497646475
0.061166158536585365 0.001660413539861251
0.059641768292682924 0.0016125676086966624
0.05907012195121951 0.0015659559428276698
0.05735518292682927 0.0015209052595384022
0.05583079268292683 0.0014771251434651897
0.054878048780487805 0.0014344703869261972
0.053353658536585365 0.0013931951033646361
0.052210365853658534 0.0013530451793372954
0.05125762195121951 0.001313984312923716
0.04954268292682927 0.0012762303156466505
0.048971036585365856 0.0012393475644605942
0.048208841463414635 0.0012035538708882992
0.04725609756097561 0.001168849234929766
0.046684451219512195 0.0011350521469827006
0.04573170731707317 0.0011023441166493966
0.044778963414634144 0.0010705436343275607
0.04420731707317073 0.0010396143980967339
0.0430640243902439 0.0010096653137182925
0.042682926829268296 0.0009804422677490254
0.042301829268292686 0.0009520904678707675
0.041920731707317076 0.0009245010083221427
0.040777439024390245 0.0008978917006259032
0.040015243902439025 0.0008719721294183794
0.03791920731707317 0.0008470690119836996
0.036204268292682924 0.0008228193291172766
0.035442073170731704 0.0007990778731372758
0.034489329268292686 0.0007760987574869081
0.03429878048780488 0.0007535552648820449
0.032583841463414635 0.0007320645279704845
0.03125 0.0007110820179453462
0.03125 0.0006904262252043363
0.030678353658536585 0.0006704964708725007
0.03010670731707317 0.0006511475472680046
0.029153963414634148 0.0006324157563113067
0.028201219512195123 0.0006142647960819483
0.027057926829268292 0.0005966583646594706
0.026486280487804877 0.00057941495244158
0.025724085365853657 0.000562752370951029
0.02534298780487805 0.0005464891105855239
0.02496189024390244 0.000530697775185982
0.024771341463414635 0.0005153420628319447
0.024390243902439025 0.0005004582754438708
0.02419969512195122 0.00048593750726038407
0.0234375 0.0004719612678837781
0.02305640243902439 0.00045834804771175926
0.02267530487804878 0.00044509784674432763
0.022103658536585365 0.00043228326882240053
0.021150914634146343 0.00041990431394597807
0.020960365853658538 0.00040774317059230793
0.019626524390243903 0.00039612655604551856
0.019245426829268292 0.00038469145110102274
0.018864329268292682 0.0003735830634406554
0.018864329268292682 0.00036272878922349904
0.018673780487804877 0.0003522375342109298
0.018102134146341462 0.0003421092984029478
0.017339939024390245 0.0003323077798790943
0.017339939024390245 0.0003226514690370756
0.017339939024390245 0.0003132855735587266
0.016958841463414635 0.00030424639536450615
0.01638719512195122 0.00029549763253395537
0.01638719512195122 0.0002868940773852395
0.016196646341463415 0.0002785809376001933
0.015625 0.0002705945150992756
0.015625 0.00026271699835973405
0.01524390243902439 0.0002551298969838622
0.014672256097560975 0.0002478332109716601
0.013910060975609756 0.00024075433648221032
0.013528963414634146 0.00023382066967459538
0.013338414634146341 0.00022706851246927405
0.013147865853658536 0.0002204978648662463
0.012576219512195123 0.00021418133070642955
0.012576219512195123 0.00020793740038753026
0.012195121951219513 0.0002019838854323007
0.011623475609756097 0.0001962118800793647
0.011432926829268292 0.00019051247856734617
0.011051829268292682 0.00018506719049853862
0.010480182926829269 0.00017976711011156597
0.010480182926829269 0.00017453963356551074
0.009717987804878049 0.00016960257238312525
0.009527439024390244 0.00016470181312119847
0.009146341463414634 0.00015998256346156528
0.008955792682926829 0.00015537221956330824
0.008765243902439025 0.00015087078142642733
0.008384146341463415 0.00014655085289184004
0.008384146341463415 0.00014230352819817016
0.00819359756097561 0.00013820141118633516
0.008003048780487805 0.00013420819993587629
0.00743140243902439 0.00013043280020816973
0.007050304878048781 0.0001266937024009219
0.007050304878048781 0.00012299090651413276
0.006859756097560976 0.00011946962022963724
0.006859756097560976 0.00011598463586560041
0.006669207317073171 0.00011264485918339846
0.006669207317073171 0.00010937768634211394
0.0064786585365853655 0.00010621941926220558
0.006288109756097561 0.00010317005794367335
0.006288109756097561 0.00010015699854559985
0.005907012195121951 9.732544874981994e-05
0.005907012195121951 9.449389895404002e-05
0.005716463414634146 9.177125491963626e-05
0.005716463414634146 8.908491280569121e-05
0.005525914634146341 8.654377837358103e-05
0.005525914634146341 8.400264394147085e-05
0.005335365853658537 8.160671719119554e-05
0.005335365853658537 7.921079044092022e-05
0.005144817073170732 7.692376945202106e-05
0.005144817073170732 7.470935230403933e-05
0.004954268292682927 7.256753899697503e-05
0.004954268292682927 7.046202761036945e-05
0.004763719512195122 6.84291200646813e-05
0.004763719512195122 6.643251443945188e-05
0.004763719512195122 6.450851265513988e-05
0.004763719512195122 6.262081279128661e-05
0.004192073170731708 6.08783206092682e-05
0.0040015243902439025 5.913582842724979e-05
0.0038109756097560975 5.746594008614881e-05
0.0038109756097560975 5.5796051745047834e-05
0.0038109756097560975 5.4162465324405575e-05
0.0038109756097560975 5.256518082422203e-05
0.0038109756097560975 5.1040500164955926e-05
0.003620426829268293 4.9588423346607255e-05
0.003620426829268293 4.813634652825858e-05
0.003620426829268293 4.6720571630368616e-05
0.003429878048780488 4.541370249385481e-05
0.003048780487804878 4.414313527779972e-05
0.003048780487804878 4.287256806174463e-05
0.0026676829268292685 4.1674604686606974e-05
0.0026676829268292685 4.047664131146932e-05
0.0026676829268292685 3.927867793633166e-05
0.0024771341463414634 3.8189620322570156e-05
0.0024771341463414634 3.706426078834993e-05
0.0024771341463414634 3.597520317458842e-05
0.0024771341463414634 3.492244748128564e-05
0.0024771341463414634 3.390599370844156e-05
0.0019054878048780487 3.3034747617432354e-05
0.0019054878048780487 3.2090897685505716e-05
0.0019054878048780487 3.114704775357908e-05
0.001714939024390244 3.0275801662569875e-05
0.001714939024390244 2.940455557156067e-05
0.001524390243902439 2.856961140101018e-05
0.001524390243902439 2.773466723045969e-05
0.001524390243902439 2.693602498036792e-05
0.001524390243902439 2.613738273027615e-05
0.0013338414634146342 2.5411344321101814e-05
0.0013338414634146342 2.4685305911927475e-05
0.0013338414634146342 2.395926750275314e-05
0.0011432926829268292 2.3305832934496235e-05
0.0011432926829268292 2.2616096445780614e-05
0.0009527439024390244 2.1998963797982427e-05
0.0007621951219512195 2.1381831150184238e-05
0.0007621951219512195 2.076469850238605e-05
0.0007621951219512195 2.0183867775046583e-05
0.0007621951219512195 1.960303704770711e-05
0.0007621951219512195 1.9022206320367643e-05
0.0007621951219512195 1.8477677513486888e-05
0.0007621951219512195 1.7933148706606137e-05
0.0007621951219512195 1.74249218201841e-05
0.0007621951219512195 1.6916694933762064e-05
0.0007621951219512195 1.6408468047340027e-05
0.0007621951219512195 1.5936543081376708e-05
0.0007621951219512195 1.546461811541339e-05
0.0007621951219512195 1.5028995069908786e-05
0.0007621951219512195 1.4593372024404183e-05
0.0007621951219512195 1.4157748978899582e-05
0.0007621951219512195 1.3758427853853696e-05
0.0005716463414634146 1.3395408649266527e-05
0.0005716463414634146 1.2996087524220641e-05
0.0005716463414634146 1.2596766399174756e-05
0.00038109756097560977 1.2270049115046304e-05
0.00038109756097560977 1.1943331830917852e-05
0.00038109756097560977 1.1580312626330684e-05
0.00038109756097560977 1.1253595342202232e-05
0.00038109756097560977 1.092687805807378e-05
0.00038109756097560977 1.0600160773945328e-05
0.00038109756097560977 1.0273443489816876e-05
0.00038109756097560977 9.98302812614714e-06
0.00038109756097560977 9.692612762477406e-06
0.00038109756097560977 9.40219739880767e-06
0.00038109756097560977 9.148083955596652e-06
0.00019054878048780488 8.930272432844351e-06
0.00019054878048780488 8.639857069174617e-06
0.00019054878048780488 8.422045546422314e-06
0.00019054878048780488 8.167932103211298e-06
0.00019054878048780488 7.877516739541562e-06
0.00019054878048780488 7.696007137247977e-06
0.00019054878048780488 7.478195614495676e-06
0.00019054878048780488 7.260384091743375e-06
0.00019054878048780488 7.042572568991074e-06
0.00019054878048780488 6.8247610462387725e-06
0.00019054878048780488 6.6432514439451885e-06
0.0 6.4980437621103205e-06
0.0 6.280232239358019e-06
0.0 6.098722637064435e-06
0.0 5.953514955229568e-06
0.0 5.772005352935983e-06
0.0 5.590495750642398e-06
0.0 5.445288068807531e-06
0.0 5.263778466513947e-06
0.0 5.118570784679079e-06
0.0 4.973363102844212e-06
0.0 4.828155421009344e-06
0.0 4.682947739174477e-06
0.0 4.537740057339609e-06
0.0 4.428834295963459e-06
0.0 4.283626614128592e-06
0.0 4.17472085275244e-06
0.0 4.06581509137629e-06
0.0 3.920607409541423e-06
0.0 3.8117016481652717e-06
0.0 3.7027958867891214e-06
0.0 3.5938901254129706e-06
0.0 3.4849843640368202e-06
0.0 3.3760786026606694e-06
0.0 3.3034747617432355e-06
0.0 3.194569000367085e-06
0.0 3.121965159449651e-06
0.0 3.0130593980735008e-06
0.0 2.9404555571560668e-06
0.0 2.8315497957799164e-06
0.0 2.7589459548624824e-06
0.0 2.686342113945049e-06
0.0 2.613738273027615e-06
0.0 2.5411344321101813e-06
0.0 2.4685305911927477e-06
0.0 2.3959267502753137e-06
0.0 2.32332290935788e-06
0.0 2.250719068440446e-06
0.0 2.1781152275230126e-06
0.0 2.1055113866055786e-06
0.0 2.069209466146862e-06
0.0 1.9966056252294282e-06
0.0 1.9240017843119942e-06
0.0 1.8876998638532775e-06
0.0 1.8150960229358437e-06
0.0 1.778794102477127e-06
0.0 1.7061902615596931e-06
0.0 1.6698883411009763e-06
0.0 1.6335864206422593e-06
0.0 1.5609825797248256e-06
0.0 1.5246806592661088e-06
0.0 1.488378738807392e-06
0.0 1.452076818348675e-06
0.0 1.3794729774312412e-06
0.0 1.3431710569725244e-06
0.0 1.3068691365138074e-06
0.0 1.2705672160550906e-06
0.0 1.2342652955963739e-06
0.0 1.1979633751376569e-06
0.0 1.16166145467894e-06
0.0 1.125359534220223e-06
0.0 1.0890576137615063e-06
0.0 1.0527556933027893e-06
0.0 1.0164537728440725e-06
0.0 9.801518523853557e-07
0.0 9.438499319266387e-07
0.0 9.075480114679218e-07
0.0 8.712460910092051e-07
0.0 8.349441705504882e-07
0.0 7.986422500917713e-07
0.0 7.623403296330544e-07
0.0 7.260384091743375e-07
0.0 6.897364887156206e-07
0.0 6.534345682569037e-07
0.0 6.171326477981869e-07
0.0 5.8083072733947e-07
0.0 5.445288068807531e-07
0.0 5.082268864220363e-07
0.0 4.7192496596331937e-07
0.0 4.3562304550460253e-07
0.0 3.9932112504588564e-07
0.0 3.6301920458716875e-07
0.0 3.2671728412845186e-07
0.0 2.90415363669735e-07
0.0 2.5411344321101813e-07
0.0 2.1781152275230126e-07
0.0 1.8150960229358437e-07
0.0 1.452076818348675e-07
0.0 1.0890576137615063e-07
0.0 7.260384091743375e-08
0.0 3.630192045871688e-08
0.0 0.0
