1.0 0.9999999636980795
1.0 0.9712207813102612
1.0 0.9432697183319471
1.0 0.9161228880994754
1.0 0.889757166289514
1.0 0.8641500820132987
1.0 0.8392798541185545
1.0 0.8151251733779721
1.0 0.7916655292064922
1.0 0.7688809192459423
1.0 0.7467519219688767
1.0 0.7252596240747367
1.0 0.7043857656975312
1.0 0.6841124862923949
1.0 0.66442257874903
1.0 0.6452991989763439
1.0 0.6267260837139711
1.0 0.6086874053245914
1.0 0.5911677354920101
1.0 0.5741520815230776
1.0 0.5576262130649741
1.0 0.5415757182552774
1.0 0.5259871653834179
1.0 0.5108470864369056
1.0 0.4961426668378181
1.0 0.4818613098197566
1.0 0.46799092684320825
1.0 0.45451961087826254
1.0 0.441435926819975
1.0 0.42872865737492394
1.0 0.41638709347657393
1.0 0.40440063496415113
1.0 0.39275904469608613
1.0 0.38145244855001414
1.0 0.37047115391317276
1.0 0.35980583119200404
1.0 0.3494474049063933
1.0 0.33938708999158956
1.0 0.3296161376847623
1.0 0.32012641635572864
1.0 0.310909721770465
1.0 0.3019582127141523
1.0 0.2932642294815737
1.0 0.28482051168863753
1.0 0.2766196537435702
1.0 0.26865483088532544
1.0 0.2609191820509365
1.0 0.25340610029088
1.0 0.24610916016523474
1.0 0.2390222266494431
1.0 0.23213916471894763
1.0 0.22545416606647492
1.0 0.2189615675924334
1.0 0.21265577880107245
1.0 0.20653131810240277
1.0 0.20058324843524203
1.0 0.1948061971153623
1.0 0.18919548119502438
1.0 0.18374612731112547
1.0 0.17845359772360822
1.0 0.17331335469241527
1.0 0.16832100568517117
1.0 0.1634723033771822
1.0 0.15876310934951604
1.0 0.1541894303909223
1.0 0.14974723698823006
1.0 0.14543308045899567
1.0 0.14124296759196875
1.0 0.1371734134027852
1.0 0.13322093290708104
1.0 0.129382186328174
1.0 0.12565387019130242
1.0 0.12203289883322724
1.0 0.11851607768494812
1.0 0.11510042998898745
1.0 0.11178305159170852
1.0 0.10856121984907695
1.0 0.10543203060745601
1.0 0.10239287012857269
1.0 0.09944116097607442
1.0 0.09657439831744954
1.0 0.09379011362210689
1.0 0.0910859472652166
1.0 0.0884595396219489
1.0 0.08590878518091716
1.0 0.08343139692113248
1.0 0.08102526933120827
1.0 0.07868840580551928
1.0 0.07641873713459939
1.0 0.07421444822242564
1.0 0.07207354246337282
1.0 0.06999424106333843
1.0 0.06797472892629955
1.0 0.06601333616391508
1.0 0.06410846549168482
1.0 0.062258265511665405
1.0 0.060461465656640755
1.0 0.0587162871325084
1.0 0.05702131416437045
1.0 0.055375094675408555
1.0 0.05377624919264529
1.0 0.052223470846944134
1.0 0.05071530756148674
1.0 0.04925052507097751
1.0 0.0478278528082004
1.0 0.04644612911170072
1.0 0.045104373829626086
1.0 0.04380106228131723
1.0 0.04253528691876269
1.0 0.04130588608050779
1.0 0.04011187961470013
1.0 0.038952251067566876
1.0 0.037825947683414726
1.0 0.036732061914232214
1.0 0.03566968621200786
1.0 0.034637840424889293
1.0 0.03363572591062641
1.0 0.03266236251736684
1.0 0.03171706050862185
1.0 0.030798984940220903
1.0 0.02990730086799344
1.0 0.02904124595160983
1.0 0.02820013045458136
1.0 0.027383264640419312
1.0 0.026589849866873596
1.0 0.025819305303216872
1.0 0.025070904911039967
1.0 0.024344031557695076
1.0 0.02363810441245487
1.0 0.022952470040751082
1.0 0.022286547611856382
1.0 0.021639792596963883
1.0 0.021011624165346243
1.0 0.020401606693957967
1.0 0.01980908674823079
1.0 0.01923362870511921
1.0 0.018674724337736804
1.0 0.018131901721117612
1.0 0.017604688930295667
0.9998094512195121 0.017092686644145923
0.9998094512195121 0.016595386635781962
0.9998094512195121 0.01611238958407873
0.9998094512195121 0.015643296167911193
0.9998094512195121 0.015187670764233838
0.9998094512195121 0.014745222957682996
0.9998094512195121 0.014315408219451788
0.9998094512195121 0.01389808134185838
0.9998094512195121 0.01349266149417543
0.9998094512195121 0.013098967166800646
0.9998094512195121 0.012716599038608981
0.9998094512195121 0.012345194090395847
0.9998094512195121 0.011984498208718037
0.9998094512195121 0.01163418467629142
0.9998094512195121 0.011293890473911408
0.9998094512195121 0.010963506695816624
0.9998094512195121 0.010642561417041108
0.9996189024390244 0.010330873127982566
0.9996189024390244 0.010028151413277326
0.9996189024390244 0.00973410585756172
0.9996189024390244 0.009448554951233453
0.9994283536585366 0.009171244580849313
0.9994283536585366 0.008901848029125177
0.9994283536585366 0.008640256390299663
0.9994283536585366 0.008386142947088645
0.9994283536585366 0.008139362491810286
0.9994283536585366 0.007899697212941838
0.9994283536585366 0.007666856695119628
0.9994283536585366 0.007440840938343657
0.9994283536585366 0.007221250621488878
0.9994283536585366 0.007007976838793916
0.9994283536585366 0.006800874382576936
0.9994283536585366 0.006599689139394728
0.9994283536585366 0.0064043122034859136
0.9992378048780488 0.006214598367168659
0.9992378048780488 0.006030293516999754
0.9992378048780488 0.005851288747217821
0.9992378048780488 0.0056774751520614845
0.9992378048780488 0.005508598618087533
0.9992378048780488 0.005344659145295968
0.999047256097561 0.005185402620243577
0.999047256097561 0.005030720137168984
0.999047256097561 0.004880466488390355
0.999047256097561 0.004734605371987231
0.9986661585365854 0.004592955278357317
0.9984756097560976 0.004455370999818781
0.9984756097560976 0.004321707328689786
0.9984756097560976 0.004191855359208955
0.9982850609756098 0.00406581509137629
0.9980945121951219 0.003943405015589496
0.9980945121951219 0.0038244436222462817
0.9980945121951219 0.0037089309113466445
0.9979039634146342 0.003596794279049668
0.9979039634146342 0.0034878159138326
0.9977134146341463 0.003382032117615899
0.9975228658536586 0.0032792613807972716
0.9975228658536586 0.003179467401456259
0.9973323170731707 0.0030825412738314847
0.9969512195121951 0.0029884466960024905
0.9969512195121951 0.002897002158366983
0.9969512195121951 0.0028081713590045027
0.9967606707317073 0.0027219179959945914
0.9967606707317073 0.002638133163575873
0.9963795731707317 0.0025568531636688055
0.9963795731707317 0.002477823882830179
0.9963795731707317 0.002401045321059993
0.9961890243902439 0.0023265537802787057
0.9959984756097561 0.0022541677508840243
0.9956173780487805 0.002183923534796407
0.9954268292682927 0.0021156759243340195
0.9954268292682927 0.002049316013735485
0.9952362804878049 0.00198495270876218
0.995045731707317 0.0019224044998118108
0.9948551829268293 0.0018616713868843775
0.9942835365853658 0.00180275336997988
0.9939024390243902 0.0017454689394960248
0.9937118902439024 0.0016898543973532705
0.9937118902439024 0.001635800837790241
0.993140243902439 0.0015833808646478539
0.9929496951219512 0.0015324129683238154
0.9929496951219512 0.0014828971488181257
0.9923780487804879 0.0014348334061307845
0.9921875 0.0013881854383413334
0.9914253048780488 0.001342953245449772
0.9904725609756098 0.0012990642236151834
0.9899009146341463 0.0012563368632352737
0.9897103658536586 0.0012148074662305015
0.989329268292683 0.0011745123345213257
0.9891387195121951 0.0011353062604259115
0.9878048780487805 0.0010974796593079285
0.9876143292682927 0.0010605243042809548
0.9866615853658537 0.0010247669126291186
0.9864710365853658 0.0009899170689887506
0.9858993902439024 0.000956119981041685
0.985327743902439 0.0009233393468674637
0.9845655487804879 0.0008915025626251691
0.9839939024390244 0.0008605733263943422
0.9830411585365854 0.0008305879400954421
0.9822789634146342 0.0008014374979670925
0.9822789634146342 0.0007730130942479171
0.9811356707317073 0.0007455688423811271
0.9796112804878049 0.0007190321385258052
0.9780868902439024 0.0006932577750001161
0.977515243902439 0.0006680642422017667
0.9761814024390244 0.0006437419554944264
0.975609756097561 0.0006199641975939668
0.9740853658536586 0.0005970939877049751
0.9729420731707317 0.0005747683066228643
0.9708460365853658 0.0005533138716317626
0.969702743902439 0.0005322950596861655
0.967797256097561 0.0005120022861497428
0.9662728658536586 0.0004922540414202008
0.9647484756097561 0.0004730866274179983
0.9639862804878049 0.0004543185345408417
0.961890243902439 0.00043638538583423556
0.959984756097561 0.0004189241620935927
0.9571265243902439 0.0004021163729212068
0.955983231707317 0.0003855263952715732
0.9544588414634146 0.00036948094642882034
0.952172256097561 0.0003540526302338657
0.9485518292682927 0.00033935035244808535
0.9456935975609756 0.00032493849002597475
0.9432164634146342 0.0003108533448879926
0.9409298780487805 0.00029716752087505634
0.9388338414634146 0.00028388101798716594
0.9355945121951219 0.0002711753458266151
0.9333079268292683 0.00025868748518881644
0.928734756097561 0.00024699826680110964
0.9262576219512195 0.00023527274649294406
0.9233993902439024 0.0002239465473098244
0.9199695121951219 0.00021309227309266807
0.9153963414634146 0.00020278252768239248
0.9121570121951219 0.0001925453861130343
0.9092987804878049 0.00018256235798688717
0.9047256097560976 0.00017319646250853822
0.9011051829268293 0.0001639394727915654
0.8963414634146342 0.00015519070996101463
0.8929115853658537 0.0001464782490509226
0.8891006097560976 0.000138092505424959
0.883765243902439 0.00013025129060587615
0.8776676829268293 0.00012280939691183918
0.8744283536585366 0.0001150770878541325
0.8685213414634146 0.00010810711912605886
0.8637576219512195 0.00010113715039798521
0.8576600609756098 9.46391066358749e-05
0.8528963414634146 8.814106287376457e-05
0.8456554878048781 8.229645367991116e-05
0.8378429878048781 7.677856177018619e-05
0.8304115853658537 7.14058775422961e-05
0.8216463414634146 6.64688163599106e-05
0.8145960365853658 6.138654749569023e-05
0.8044969512195121 5.706661896110293e-05
0.7945884146341463 5.29282000288092e-05
0.7860137195121951 4.868087533513933e-05
0.7772484756097561 4.461506024376304e-05
0.7669588414634146 4.105747203880879e-05
0.7562881097560976 3.7681393436148116e-05
0.7452362804878049 3.455942827669847e-05
0.7339939024390244 3.16189727195424e-05
0.7210365853658537 2.9150442128349652e-05
0.7088414634146342 2.6681911537156904e-05
0.6987423780487805 2.395926750275314e-05
0.6873094512195121 2.159964267293654e-05
0.674733231707317 1.963933896816583e-05
0.6625381097560976 1.7679035263395117e-05
0.6486280487804879 1.6190656524587725e-05
0.6326219512195121 1.5210504672202371e-05
0.6175685975609756 1.4194050899358298e-05
0.6042301829268293 1.2923483683303208e-05
0.5903201219512195 1.1870727990000418e-05
0.5777439024390244 1.0709066535321478e-05
0.5640243902439024 9.837820444312273e-06
0.5487804878048781 9.365895478348954e-06
0.5363948170731707 8.458347466881032e-06
0.5234375 7.732309057706695e-06
0.5112423780487805 6.9699687280736404e-06
0.4973323170731707 6.606949523486471e-06
0.4851371951219512 6.0261187961470015e-06
0.4729420731707317 5.517891909724965e-06
0.4611280487804878 5.009665023302929e-06
0.4495045731707317 4.537740057339609e-06
0.4382621951219512 4.102117011835007e-06
0.4262576219512195 3.8480035686239885e-06
0.41558689024390244 3.448682443578103e-06
0.40472560975609756 3.121965159449651e-06
0.3948170731707317 2.7226440344037656e-06
0.38433689024390244 2.4685305911927477e-06
0.37366615853658536 2.32332290935788e-06
0.3635670731707317 2.141813307064296e-06
0.35384908536585363 1.9240017843119942e-06
0.3441310975609756 1.778794102477127e-06
0.33498475609756095 1.5972845001835425e-06
0.32621951219512196 1.3794729774312412e-06
0.3174542682926829 1.1979633751376569e-06
0.3084984756097561 1.125359534220223e-06
0.2997332317073171 1.0890576137615063e-06
0.2921112804878049 8.712460910092051e-07
0.2839176829268293 7.986422500917713e-07
0.27572408536585363 7.623403296330544e-07
0.26772103658536583 7.623403296330544e-07
0.26009908536585363 7.260384091743375e-07
0.2524771341463415 7.260384091743375e-07
0.24542682926829268 6.534345682569037e-07
0.2383765243902439 6.534345682569037e-07
0.23132621951219512 6.534345682569037e-07
0.22465701219512196 6.534345682569037e-07
0.21798780487804878 6.534345682569037e-07
0.21189024390243902 6.171326477981869e-07
0.20579268292682926 5.8083072733947e-07
0.20045731707317074 4.7192496596331937e-07
0.19455030487804878 4.7192496596331937e-07
0.18902439024390244 4.3562304550460253e-07
0.1834984756097561 4.3562304550460253e-07
0.17835365853658536 3.9932112504588564e-07
0.17320884146341464 3.9932112504588564e-07
0.1682545731707317 3.9932112504588564e-07
0.16349085365853658 3.6301920458716875e-07
0.15910823170731708 2.90415363669735e-07
0.15453506097560976 2.90415363669735e-07
0.15034298780487804 2.1781152275230126e-07
0.14596036585365854 2.1781152275230126e-07
0.14195884146341464 1.8150960229358437e-07
0.13776676829268292 1.8150960229358437e-07
0.13395579268292682 1.452076818348675e-07
0.13014481707317074 1.452076818348675e-07
0.12633384146341464 1.452076818348675e-07
0.12271341463414634 1.452076818348675e-07
0.11909298780487805 1.452076818348675e-07
0.11566310975609756 1.452076818348675e-07
0.11223323170731707 1.452076818348675e-07
0.10899390243902439 1.452076818348675e-07
0.10594512195121951 1.452076818348675e-07
0.10308689024390244 1.0890576137615063e-07
0.10022865853658537 7.260384091743375e-08
0.09737042682926829 7.260384091743375e-08
0.09451219512195122 7.260384091743375e-08
0.09184451219512195 7.260384091743375e-08
0.08917682926829268 7.260384091743375e-08
0.08650914634146341 7.260384091743375e-08
0.08403201219512195 7.260384091743375e-08
0.08155487804878049 7.260384091743375e-08
0.07926829268292683 7.260384091743375e-08
0.07698170731707317 7.260384091743375e-08
0.07469512195121951 7.260384091743375e-08
0.07259908536585366 7.260384091743375e-08
0.0705030487804878 7.260384091743375e-08
0.06840701219512195 7.260384091743375e-08
0.0663109756097561 7.260384091743375e-08
0.06440548780487805 7.260384091743375e-08
0.0626905487804878 7.260384091743375e-08
0.060785060975609755 7.260384091743375e-08
0.05907012195121951 7.260384091743375e-08
0.05735518292682927 7.260384091743375e-08
0.055640243902439025 7.260384091743375e-08
0.05392530487804878 7.260384091743375e-08
0.05240091463414634 7.260384091743375e-08
0.0508765243902439 7.260384091743375e-08
0.04954268292682927 3.630192045871688e-08
0.048208841463414635 3.630192045871688e-08
0.046875 3.630192045871688e-08
0.04535060975609756 3.630192045871688e-08
0.04420731707317073 3.630192045871688e-08
0.0428734756097561 3.630192045871688e-08
0.041539634146341466 3.630192045871688e-08
0.040396341463414635 3.630192045871688e-08
0.039253048780487805 3.630192045871688e-08
0.038109756097560975 3.630192045871688e-08
0.036966463414634144 3.630192045871688e-08
0.035823170731707314 3.630192045871688e-08
0.034870426829268296 3.630192045871688e-08
0.03391768292682927 3.630192045871688e-08
0.03277439024390244 3.630192045871688e-08
0.031821646341463415 3.630192045871688e-08
0.031059451219512195 3.630192045871688e-08
0.03010670731707317 3.630192045871688e-08
0.029153963414634148 3.630192045871688e-08
0.028391768292682928 3.630192045871688e-08
0.027439024390243903 3.630192045871688e-08
0.026676829268292682 3.630192045871688e-08
0.025914634146341462 3.630192045871688e-08
0.025152439024390245 3.630192045871688e-08
0.024390243902439025 3.630192045871688e-08
0.023628048780487805 3.630192045871688e-08
0.02305640243902439 3.630192045871688e-08
0.02229420731707317 3.630192045871688e-08
0.02191310975609756 0.0
0.021341463414634148 0.0
0.020579268292682928 0.0
0.020007621951219513 0.0
0.019435975609756097 0.0
0.018864329268292682 0.0
0.018292682926829267 0.0
0.017721036585365852 0.0
0.017339939024390245 0.0
0.01676829268292683 0.0
0.01638719512195122 0.0
0.015815548780487805 0.0
0.015434451219512195 0.0
0.01486280487804878 0.0
0.014481707317073171 0.0
0.014100609756097561 0.0
0.013719512195121951 0.0
0.013338414634146341 0.0
0.012957317073170731 0.0
0.012576219512195123 0.0
0.012195121951219513 0.0
0.011814024390243903 0.0
0.011432926829268292 0.0
0.011051829268292682 0.0
0.010861280487804877 0.0
0.010480182926829269 0.0
0.010099085365853659 0.0
0.009908536585365854 0.0
0.009527439024390244 0.0
0.009336890243902439 0.0
0.008955792682926829 0.0
0.008765243902439025 0.0
0.00857469512195122 0.0
0.00819359756097561 0.0
0.008003048780487805 0.0
0.0078125 0.0
0.007621951219512195 0.0
0.007240853658536586 0.0
0.007050304878048781 0.0
0.006859756097560976 0.0
0.006669207317073171 0.0
0.0064786585365853655 0.0
0.006288109756097561 0.0
0.006097560975609756 0.0
0.005907012195121951 0.0
0.005716463414634146 0.0
0.005525914634146341 0.0
0.005335365853658537 0.0
0.005144817073170732 0.0
0.004954268292682927 0.0
0.004763719512195122 0.0
0.004573170731707317 0.0
0.004382621951219513 0.0
0.004192073170731708 0.0
0.0040015243902439025 0.0
0.0038109756097560975 0.0
0.003620426829268293 0.0
0.003429878048780488 0.0
0.0032393292682926828 0.0
0.003048780487804878 0.0
0.002858231707317073 0.0
0.0026676829268292685 0.0
0.0024771341463414634 0.0
0.0022865853658536584 0.0
0.002096036585365854 0.0
0.0019054878048780487 0.0
0.001714939024390244 0.0
0.001524390243902439 0.0
0.0013338414634146342 0.0
0.0011432926829268292 0.0
0.0009527439024390244 0.0
0.0007621951219512195 0.0
0.0005716463414634146 0.0
0.00038109756097560977 0.0
0.00019054878048780488 0.0
0.0 0.0
