1.0 0.9999718660116445
1.0 0.9711926836238262
1.0 0.9432416206455121
1.0 0.9160947904130403
1.0 0.8897290686030789
1.0 0.8641220206287841
1.0 0.8392517564321195
1.0 0.8150970756915371
1.0 0.7916374315200573
1.0 0.7688527489556664
1.0 0.7467238242824418
1.0 0.7252314900863811
1.0 0.7043576680110962
1.0 0.6840843160021188
1.0 0.6643944810625949
1.0 0.6452711012899088
1.0 0.6266979134236951
1.0 0.6086593076381563
1.0 0.5911395652017342
1.0 0.574124020138563
1.0 0.557598115378539
1.0 0.5415476931726833
1.0 0.525959067696983
1.0 0.5108189161466296
1.0 0.4961145691513831
1.0 0.4818332121333216
1.0 0.4679627565529323
1.0 0.45449151319182746
1.0 0.44140782913353993
1.0 0.42870055968848886
1.0 0.4163590320920593
1.0 0.4043725372777161
1.0 0.3927309470096511
1.0 0.3814243508635791
1.0 0.37044305622673773
1.0 0.3597777698074895
1.0 0.34941923461611735
1.0 0.3393589197013136
1.0 0.32958807630024767
1.0 0.3200982823673731
1.0 0.3108816240840299
1.0 0.30193000612195586
1.0 0.29323620439897957
1.0 0.28479237770028204
1.0 0.2765915923590556
1.0 0.26862669689696994
1.0 0.2608910843645015
1.0 0.2533779663025245
1.0 0.24608106247879968
1.0 0.23899412896300806
1.0 0.23211110333443305
1.0 0.22542610468196034
1.0 0.21893346990599835
1.0 0.2126276811146374
1.0 0.2065032567178882
1.0 0.20055515074880698
1.0 0.19477813573084768
1.0 0.18916734720666886
1.0 0.1837179570208495
1.0 0.17842542743333226
1.0 0.17328525700598024
1.0 0.16829287169681564
1.0 0.16344420569074714
1.0 0.15873501166308102
1.0 0.15416129640256682
1.0 0.1497192482075564
1.0 0.14540498277256061
1.0 0.1412148699055337
1.0 0.1371452794144297
1.0 0.13319283522064598
1.0 0.12935408864173897
1.0 0.1256258088067878
1.0 0.12200480114679219
1.0 0.11848797999851307
1.0 0.11507236860447285
1.0 0.11175488130143256
1.0 0.10853304955880098
1.0 0.10540393292102096
1.0 0.10236477244213764
1.0 0.09941306328963938
1.0 0.0965463006310145
1.0 0.09376201593567184
1.0 0.09105784957878156
1.0 0.0884314782374343
1.0 0.08588065119256165
1.0 0.08340322663085652
1.0 0.08099713534285276
1.0 0.07866027181716378
1.0 0.0763906757500848
1.0 0.0741863505359906
1.0 0.07204540847501731
1.0 0.06996614337690338
1.0 0.06794663123986451
1.0 0.06598527477940049
1.0 0.06408036780524978
1.0 0.062230204127150815
1.0 0.06043336797020571
1.0 0.058688189446073354
1.0 0.0569932164779354
1.0 0.05534699698897351
1.0 0.053748187808130704
1.0 0.052195336858588626
1.0 0.050687209875051695
1.0 0.04922246368646293
1.0 0.04779979142368581
1.0 0.04641810402910659
1.0 0.04507627614319104
1.0 0.04377296459488218
1.0 0.04250715293040719
1.0 0.041277788394072736
1.0 0.04008378192826508
1.0 0.03892415338113183
1.0 0.03779784999697968
1.0 0.036704000529717624
1.0 0.035641588525572816
1.0 0.034609706436533785
1.0 0.03360762822419137
1.0 0.03263426483093179
1.0 0.03168899912410726
1.0 0.030770887253785854
1.0 0.029879203181558393
1.0 0.029013184567095243
1.0 0.028172032768146314
1.0 0.027355166953984267
1.0 0.02656171587851809
1.0 0.025791171314861368
1.0 0.025042807224604918
1.0 0.02431593387126003
1.0 0.023610006726019823
1.0 0.022924372354316037
1.0 0.022258449925421333
1.0 0.021611694910528834
1.0 0.020983526478911198
1.0 0.02037350900752292
1.0 0.019780989061795744
1.0 0.019205531018684163
1.0 0.01864662665130176
1.0 0.018103767732762104
1.0 0.017576591243860618
1.0 0.01706451635386996
1.0 0.016567216345505998
1.0 0.016084255595723226
1.0 0.015615162179555688
1.0 0.01515957307779879
1.0 0.014717088969327491
1.0 0.014287310533016741
1.0 0.013869947353502873
1.0 0.013464527505819925
1.0 0.01307079687652468
1.0 0.012688465050253474
1.0 0.012317060102040343
1.0 0.011956364220362531
1.0 0.011606014386015455
1.0 0.01126579278747636
1.0 0.01093533640554066
1.0 0.010614391126765144
1.0 0.0103027028377066
1.0 0.00999998112300136
1.0 0.009705899265365296
1.0 0.009420384660957487
1.0 0.00914303798865289
1.0 0.008873641436928753
1.0 0.00861204979810324
1.0 0.008357936354892221
1.0 0.008111155899613864
1.0 0.007871490620745415
1.0 0.007638686404843663
1.0 0.007412634346147234
1.0 0.007193044029292456
1.0 0.006979770246597494
1.0 0.006772667790380514
1.0 0.006571482547198305
1.0 0.00637610561128949
1.0 0.006186355473051778
1.0 0.006002050622882872
1.0 0.005823082155021398
1.0 0.005649232257944603
1.0 0.00548039202589111
1.0 0.005316416251179086
1.0 0.0051571234242062365
1.0 0.005002440941131644
1.0 0.0048522235942734734
1.0 0.00470632617594989
1.0 0.00456460347847906
1.0 0.004426982898020064
1.0 0.004293319226891069
1.0 0.004163467257410239
1.0 0.0040373906876571145
1.0 0.003914944309949863
1.0 0.0037959829166066476
1.0 0.0036804339037865516
1.0 0.0035682972714895754
1.0 0.003459318906272507
1.0 0.0033534988081353476
1.0 0.003250691769396261
1.0 0.003150897790055249
1.0 0.0030539353605100157
1.0 0.0029597318769196456
1.0 0.0028683236412045967
1.0 0.002779492841842116
1.0 0.0026932031769117465
1.0 0.002609418344493028
1.0 0.0025280657407450433
1.0 0.0024490364599064167
1.0 0.0023722578981362303
1.0 0.0022977300554344847
1.0 0.0022253077241193445
1.0 0.0021549909041908098
1.0 0.0020867069918079633
1.0 0.002020347081209429
1.0 0.0019559474743156653
1.0 0.0018933629634448374
1.0 0.0018325935485969452
1.0 0.0017735666259310716
1.0 0.0017162458935267577
1.0 0.001660558747543086
1.0 0.0016065051879800567
1.0 0.0015539763090762933
1.0 0.001502972110831796
1.0 0.0014534562913261064
1.0 0.0014053199447978477
1.0 0.001358599373167479
1.0 0.0013131856706736242
1.0 0.0012691514411572007
1.0 0.0012263151750159147
1.0 0.001184749476090684
1.0 0.0011443817405405907
1.0 0.001105139364524718
1.0 0.0010670586499635238
1.0 0.0010300669930160913
1.0 0.0009941280917619617
1.0 0.0009592419462011347
1.0 0.0009253359524926931
1.0 0.0008924464125570957
1.0 0.0008604644206329661
1.0 0.0008294262786407632
1.0 0.0007992593827395694
1.0 0.000769963732929385
1.0 0.0007415393292102096
1.0 0.0007138772658206674
1.0 0.0006870501466016756
1.0 0.0006609853677123169
1.0 0.0006356466272321325
1.0 0.0006111065290020399
1.0 0.0005872198653402042
1.0 0.0005640592400875428
1.0 0.0005415157474826796
1.0 0.0005196619913665321
1.0 0.0004984253678981827
1.0 0.00047776957515717277
1.0 0.00045773091506396107
1.0 0.00043827308569808885
1.0 0.00041935978513909735
1.0 0.00040102731530744534
1.0 0.0003832030723622153
1.0 0.00036585075438294866
1.0 0.00034904296521056277
1.0 0.0003327071010041402
1.0 0.0003168431617636809
1.0 0.0003014511474891849
1.0 0.00028649475626019356
1.0 0.0002719376861562481
1.0 0.00025781623909780727
1.0 0.000244130415084871
1.0 0.0002308076102765219
1.0 0.00021788412659321869
1.0 0.00020532366211450264
1.0 0.0001931262168403738
1.0 0.00018125548885037336
1.0 0.0001697477800649601
1.0 0.0001585667885636753
1.0 0.00014771251434651897
1.0 0.00013718495741349106
1.0 0.00012694781584413292
1.0 0.0001170010896384445
1.0 0.0001073447787964258
1.0 9.797888331807685e-05
1.0 8.88671012829389e-05
1.0 8.0009432691012e-05
1.0 7.14058775422961e-05
1.0 6.305643583679122e-05
1.0 5.496110757449735e-05
1.0 4.7083590834955786e-05
1.0 3.942388561816653e-05
1.0 3.201829384458829e-05
1.0 2.4794211673303627e-05
1.0 1.778794102477127e-05
1.0 1.0999481898991214e-05
1.0 4.392532375504742e-06
0.989329268292683 0.0
0.9565548780487805 0.0
0.9249237804878049 0.0
0.8940548780487805 0.0
0.8639481707317073 0.0
0.834984756097561 0.0
0.8065929878048781 0.0
0.7791539634146342 0.0
0.7524771341463414 0.0
0.7265625 0.0
0.7014100609756098 0.0
0.6770198170731707 0.0
0.6532012195121951 0.0
0.6303353658536586 0.0
0.6078506097560976 0.0
0.5861280487804879 0.0
0.5649771341463414 0.0
0.5445884146341463 0.0
0.5245807926829268 0.0
0.5051448170731707 0.0
0.48647103658536583 0.0
0.4681783536585366 0.0
0.4504573170731707 0.0
0.4333079268292683 0.0
0.4165396341463415 0.0
0.40034298780487804 0.0
0.38452743902439024 0.0
0.36928353658536583 0.0
0.3544207317073171 0.0
0.3399390243902439 0.0
0.32583841463414637 0.0
0.3123094512195122 0.0
0.29897103658536583 0.0
0.2862042682926829 0.0
0.2736280487804878 0.0
0.2616234756097561 0.0
0.2498094512195122 0.0
0.2383765243902439 0.0
0.22732469512195122 0.0
0.21646341463414634 0.0
0.20598323170731708 0.0
0.19588414634146342 0.0
0.18597560975609756 0.0
0.17625762195121952 0.0
0.16692073170731708 0.0
0.15796493902439024 0.0
0.14919969512195122 0.0
0.140625 0.0
0.13224085365853658 0.0
0.12423780487804878 0.0
0.11642530487804878 0.0
0.10880335365853659 0.0
0.1013719512195122 0.0
0.09432164634146341 0.0
0.08727134146341463 0.0
0.08060213414634146 0.0
0.07393292682926829 0.0
0.06764481707317073 0.0
0.06135670731707317 0.0
0.05544969512195122 0.0
0.04954268292682927 0.0
0.04382621951219512 0.0
0.03830030487804878 0.0
0.032964939024390245 0.0
0.027820121951219513 0.0
0.022865853658536585 0.0
0.017911585365853657 0.0
0.013147865853658536 0.0
0.00857469512195122 0.0
0.0040015243902439025 0.0
0.0 0.0
0.0 0.0
0.0 0.0
0.0 0.0
0.0 0.0
0.0 0.0
0.0 0.0
0.0 0.0
0.0 0.0
0.0 0.0
0.0 0.0
0.0 0.0
0.0 0.0
0.0 0.0
0.0 0.0
0.0 0.0
0.0 0.0
0.0 0.0
0.0 0.0
0.0 0.0
0.0 0.0
0.0 0.0
0.0 0.0
0.0 0.0
0.0 0.0
0.0 0.0
0.0 0.0
0.0 0.0
0.0 0.0
0.0 0.0
0.0 0.0
0.0 0.0
0.0 0.0
0.0 0.0
0.0 0.0
0.0 0.0
0.0 0.0
0.0 0.0
0.0 0.0
0.0 0.0
0.0 0.0
0.0 0.0
0.0 0.0
0.0 0.0
0.0 0.0
0.0 0.0
0.0 0.0
0.0 0.0
0.0 0.0
0.0 0.0
0.0 0.0
0.0 0.0
0.0 0.0
0.0 0.0
0.0 0.0
0.0 0.0
0.0 0.0
0.0 0.0
0.0 0.0
0.0 0.0
0.0 0.0
0.0 0.0
0.0 0.0
0.0 0.0
0.0 0.0
0.0 0.0
0.0 0.0
0.0 0.0
0.0 0.0
0.0 0.0
0.0 0.0
0.0 0.0
0.0 0.0
0.0 0.0
0.0 0.0
0.0 0.0
0.0 0.0
0.0 0.0
0.0 0.0
0.0 0.0
0.0 0.0
0.0 0.0
0.0 0.0
0.0 0.0
0.0 0.0
0.0 0.0
0.0 0.0
0.0 0.0
0.0 0.0
0.0 0.0
0.0 0.0
0.0 0.0
0.0 0.0
0.0 0.0
0.0 0.0
0.0 0.0
0.0 0.0
0.0 0.0
0.0 0.0
0.0 0.0
0.0 0.0
0.0 0.0
0.0 0.0
0.0 0.0
0.0 0.0
0.0 0.0
0.0 0.0
0.0 0.0
0.0 0.0
0.0 0.0
0.0 0.0
0.0 0.0
0.0 0.0
0.0 0.0
0.0 0.0
0.0 0.0
0.0 0.0
0.0 0.0
0.0 0.0
0.0 0.0
0.0 0.0
0.0 0.0
0.0 0.0
0.0 0.0
0.0 0.0
0.0 0.0
0.0 0.0
0.0 0.0
0.0 0.0
0.0 0.0
0.0 0.0
0.0 0.0
0.0 0.0
0.0 0.0
0.0 0.0
0.0 0.0
0.0 0.0
0.0 0.0
0.0 0.0
0.0 0.0
0.0 0.0
