1.0 0.9999999636980795
1.0 0.9712207813102612
1.0 0.9432697183319471
1.0 0.9161228880994754
1.0 0.889757166289514
1.0 0.8641501183152192
1.0 0.8392798541185545
1.0 0.8151251733779721
1.0 0.7916655292064922
1.0 0.7688809192459423
1.0 0.7467518856669563
1.0 0.7252596240747367
1.0 0.7043857656975312
1.0 0.6841124862923949
1.0 0.66442257874903
1.0 0.6452991989763439
1.0 0.6267260837139711
1.0 0.6086874053245914
1.0 0.5911677354920101
1.0 0.5741521541269184
1.0 0.5576261404611331
1.0 0.5415757908591183
1.0 0.5259871290814975
1.0 0.5108470864369056
1.0 0.4961426668378181
1.0 0.4818613098197566
1.0 0.46799092684320825
1.0 0.45451957457634207
1.0 0.441435926819975
1.0 0.42872869367684435
1.0 0.4163871297784944
1.0 0.40440063496415113
0.9998094512195121 0.3927590809980066
0.9998094512195121 0.3814524848519346
0.9998094512195121 0.3704712265170137
0.9998094512195121 0.359805903795845
0.9998094512195121 0.34944747751023425
0.9998094512195121 0.33938712629351003
0.9998094512195121 0.32961621028860316
0.9998094512195121 0.32012645265764905
0.9998094512195121 0.31090975807238547
0.9998094512195121 0.30195824901607277
0.9998094512195121 0.2932643383873351
0.9998094512195121 0.284820547990558
0.9998094512195121 0.2766197263474111
0.9998094512195121 0.26865483088532544
0.9998094512195121 0.260919218352857
0.9998094512195121 0.2534061365928005
0.9998094512195121 0.24610919646715518
0.9996189024390244 0.23902229925328403
0.9996189024390244 0.232139273624709
0.9996189024390244 0.22545423867031583
0.9996189024390244 0.21896160389435387
0.9994283536585366 0.21265588770683383
0.9994283536585366 0.20653149961200507
0.9994283536585366 0.2005833573410034
0.9994283536585366 0.1948063423230441
0.9994283536585366 0.18919551749694483
0.9994283536585366 0.18374623621688685
0.9994283536585366 0.17845367032744913
0.9994283536585366 0.17331339099433574
0.9992378048780488 0.168321150892853
0.9992378048780488 0.1634723759810231
0.9992378048780488 0.1587632545571979
0.9992378048780488 0.1541895392966837
0.9992378048780488 0.1497474547997528
0.9992378048780488 0.14543322566667752
0.9992378048780488 0.14124311279965057
0.999047256097561 0.13717355861046704
0.9988567073170732 0.13322111441668333
0.9988567073170732 0.1293823678377763
0.9988567073170732 0.12565412430474562
0.9986661585365854 0.12203315294667044
0.9986661585365854 0.11851633179839133
0.9984756097560976 0.11510068410243066
0.9984756097560976 0.11178337830899265
0.9982850609756098 0.10856151026444061
0.9979039634146342 0.10543242992858105
0.9977134146341463 0.10239330575161819
0.9975228658536586 0.09944163290104038
0.9975228658536586 0.09657483394049506
0.997141768292683 0.09379065815091377
0.9967606707317073 0.0910865643978644
0.9965701219512195 0.08846022935843761
0.9959984756097561 0.08590951121932633
0.9954268292682927 0.08343226816722349
0.9952362804878049 0.08102617687921973
0.9944740853658537 0.0786894585612126
0.993140243902439 0.07642008030565636
0.9927591463414634 0.07421582769540307
0.9921875 0.07207503084211161
0.991234756097561 0.06999591095167954
0.9908536585365854 0.06797650772040202
0.9906631097560976 0.06601515125993801
0.9904725609756098 0.06411028058770776
0.9885670731707317 0.062260516230733844
0.9874237804878049 0.06046386158339103
0.9866615853658537 0.05871879196502005
0.9855182926829268 0.05702403680840485
0.9847560975609756 0.055377998829045254
0.9836128048780488 0.0537794074597252
0.9828506097560976 0.05222673801978542
0.9811356707317073 0.050718901451612154
0.9801829268292683 0.04925433677262568
0.9788490853658537 0.047831954925212236
0.9771341463414634 0.0464506305498376
0.9767530487804879 0.045108802663922046
0.9746570121951219 0.04380589043673824
0.9725609756097561 0.042540514395308746
0.969702743902439 0.04131162178394026
0.9679878048780488 0.04011797833733719
0.965891768292683 0.03895874911132899
0.9641768292682927 0.03783277244446097
0.961890243902439 0.036739358600244416
0.9596036585365854 0.03567738221914511
0.9582698170731707 0.034645790545469755
0.9552210365853658 0.033644256861934216
0.9525533536585366 0.03267143799748152
0.9493140243902439 0.03172671681946387
0.9468368902439024 0.030809113176028885
0.9432164634146342 0.029918082538369677
0.9392149390243902 0.02905282626423616
0.9352134146341463 0.028212509409457784
0.9308307926829268 0.027396442237545827
0.9274009146341463 0.026603717200488826
0.9243521341463414 0.025833717165638984
0.9213033536585366 0.025085897604189417
0.9178734756097561 0.024359677685412785
0.9138719512195121 0.02365451288050221
0.9096798780487805 0.022969677151048515
0.9054878048780488 0.022304517062483445
0.9022484756097561 0.021658415482159202
0.899390243902439 0.021030791579348448
0.8963414634146342 0.02042135493868751
0.8925304878048781 0.019829561031369507
0.8887195121951219 0.0192548290266671
0.8850990853658537 0.01869661439577341
0.8807164634146342 0.018154626723324768
0.8763338414634146 0.017628248876673372
0.8729039634146342 0.01711686372317143
0.8675685975609756 0.01662058016858031
0.8612804878048781 0.01613878108025222
0.8557545731707317 0.015670740419777982
0.8511814024390244 0.015216022564112096
0.8458460365853658 0.014774518607493181
0.8405106707317073 0.014345792926875735
0.8357469512195121 0.013929337295373335
0.8298399390243902 0.013525079109145063
0.823170731707317 0.013132619047065875
0.8157393292682927 0.0127516666937721
0.8105945121951219 0.012381241897411353
0.8025914634146342 0.01202203439447235
0.795922256097561 0.011673027731182246
0.7898246951219512 0.011333931492177372
0.7839176829268293 0.01100463677169635
0.7789634146341463 0.010684635342852761
0.7736280487804879 0.010373927205646604
0.7675304878048781 0.010072367152396042
0.7629573170731707 0.009779156540850986
0.756859756097561 0.009494803597897858
0.75 0.009218763794729775
0.7433307926829268 0.008950637810221691
0.7376143292682927 0.00869013522900994
0.7322789634146342 0.008437038239571764
0.7261814024390244 0.008191419445748086
0.7183689024390244 0.007953242545618446
0.7128429878048781 0.007721491085409996
0.7063643292682927 0.007496673292009163
0.6975990853658537 0.0072787528634954855
0.6913109756097561 0.007066677044175662
0.6827362804878049 0.006861208174379324
0.6774009146341463 0.006661039384969959
0.6686356707317073 0.006467332337402246
0.6613948170731707 0.006278961672141964
0.6545350609756098 0.006095963691109573
0.6482469512195121 0.005918193186623236
0.6410060975609756 0.005745722762523872
0.6330030487804879 0.005578407211129646
0.6270960365853658 0.005415556795951842
0.6192835365853658 0.0052577523477178
0.6126143292682927 0.005104304129938803
0.6061356707317073 0.00495532104837623
0.5981326219512195 0.004810984612632371
0.5918445121951219 0.004670459878536678
0.5865091463414634 0.004533855751850527
0.5785060975609756 0.004401716761380797
0.5705030487804879 0.004273389472559233
0.5636432926829268 0.004148619771942624
0.5558307926829268 0.004027661772974179
0.5501143292682927 0.003909753135324266
0.5428734756097561 0.003795656199322519
0.5358231707317073 0.0036847901342415977
0.5299161585365854 0.0035769734304792085
0.5221036585365854 0.0034726417110808564
0.516577743902439 0.003370887428035073
0.5095274390243902 0.0032724366197510327
0.504954268292683 0.003176345436296809
0.49866615853658536 0.0030833762180020353
0.4925685975609756 0.0029930933418212064
0.4868521341463415 0.002905351600072488
0.47884908536585363 0.0028205866158013838
0.4714176829268293 0.0027382175582805553
0.4649390243902439 0.002658099219828167
0.4601753048780488 0.0025799774870010083
0.45464939024390244 0.002504251680924125
0.4477896341463415 0.002431030707358893
0.4422637195121951 0.0023596611317370556
0.43578506097560976 0.0022905785771041172
0.43064024390243905 0.0022232748165736563
0.42378048780487804 0.0021582217751116356
0.4171112804878049 0.002095092735433927
0.41215701219512196 0.002033452074495026
0.40758384146341464 0.0019735539057381428
0.4012957317073171 0.001915724946447407
0.39615091463414637 0.0018593843658954784
0.3898628048780488 0.0018048951832869444
0.38395579268292684 0.001751966983258135
0.3790015243902439 0.0017003819542862984
0.37309451219512196 0.0016505031155760214
0.3679496951219512 0.001601967447922717
0.3620426829268293 0.0015549564609286786
0.3557545731707317 0.0015094338526734476
0.3508003048780488 0.0014650003020319781
0.34603658536585363 0.0014218373186065639
0.3405106707317073 0.0013800538081585806
0.33441310975609756 0.0013396497706880289
0.328125 0.0013004799985130734
0.3229801829268293 0.0012622177743495857
0.31859756097560976 0.0012249720039589423
0.3117378048780488 0.0011892872161480236
0.30602134146341464 0.0011544373725076553
0.3018292682926829 0.0011203498691969203
0.29496951219512196 0.0010877507446249925
0.29134908536585363 0.0010555509411781106
0.28772865853658536 0.0010242586857426967
0.2837271341463415 0.0009939828840801268
0.27896341463414637 0.000964723536190401
0.2728658536585366 0.0009365895478348953
0.2690548780487805 0.0009088911825248944
0.2652439024390244 0.0008819551575445265
0.2612423780487805 0.0008558903786551678
0.25685975609756095 0.0008306605439363595
0.25209603658536583 0.0008062656533881018
0.24790396341463414 0.0007824878954876423
0.24447408536585366 0.0007592546663940634
0.24123475609756098 0.0007367111737892003
0.23647103658536586 0.000715075229195805
0.23189786585365854 0.0006940927191706667
0.2267530487804878 0.0006738362475547027
0.22160823170731708 0.0006541606066660781
0.21741615853658536 0.0006349205888229581
0.21189024390243902 0.0006165155151503887
0.20846036585365854 0.0005982556491596541
0.20407774390243902 0.0005807581234985525
0.20026676829268292 0.0005636599189624969
0.19626524390243902 0.0005470699413128633
0.19245426829268292 0.0005309881905496517
0.18864329268292682 0.0005153783647524034
0.18635670731707318 0.0004999500485574488
0.18292682926829268 0.00048521146885120974
0.18025914634146342 0.00047076330450864044
0.17778201219512196 0.0004566781593706583
0.17435213414634146 0.00044321014688047434
0.17016006097560976 0.0004303229651176298
0.16692073170731708 0.0004176172929570789
0.1642530487804878 0.00040520203616019773
0.16120426829268292 0.0003932224024088212
0.15796493902439024 0.0003816420897824905
0.15510670731707318 0.00037031589059937086
0.15129573170731708 0.00035953422022313194
0.14900914634146342 0.00034878885176735174
0.14576981707317074 0.0003385517101979936
0.14310213414634146 0.0003285323801513877
0.13948170731707318 0.0003189849750707452
0.13738567073170732 0.00030943756999010267
0.13471798780487804 0.000300289486034506
0.13071646341463414 0.0002916859308857901
0.12823932926829268 0.0002830460738166155
0.1251905487804878 0.00027476923595202806
0.12271341463414634 0.00026663760576927547
0.11966463414634146 0.00025886899479111004
0.1171875 0.0002512455914947795
0.11471036585365854 0.00024383999972120126
0.11070884146341463 0.00023694263483404506
0.109375 0.00022979115650367782
0.10766006097560976 0.00022289379161652162
0.10480182926829268 0.00021643204977487
0.10099085365853659 0.0002103696290582643
0.09851371951219512 0.00020419830258028242
0.09641768292682927 0.00019820848570459415
0.09413109756097561 0.00019240017843119944
0.09146341463414634 0.00018688228652147446
0.09012957317073171 0.00018125548885037336
0.08860518292682927 0.00017581020078156584
0.08650914634146341 0.00017069162999688674
0.08479420731707317 0.00016560936113266638
0.08346036585365854 0.00016063599802982218
0.08250762195121951 0.0001557352387678954
0.08098323170731707 0.00015108859294917963
0.07888719512195122 0.00014669606057367488
0.07717225609756098 0.00014237613203908758
0.07545731707317073 0.00013816510926587642
0.0743140243902439 0.0001340266903335827
0.07259908536585366 0.00013006978100358257
0.07107469512195122 0.00012622177743495857
0.06859756097560976 0.0001226641892300043
0.06688262195121951 0.00011910660102505006
0.06459603658536585 0.0001157305224223894
0.06345274390243902 0.00011224553805835257
0.062309451219512195 0.00010890576137615063
0.06021341463414634 0.0001058200981371597
0.059641768292682924 0.00010255292529587518
0.05811737804878049 9.957616781826038e-05
0.056402439024390245 9.670831610202175e-05
0.055259146341463415 9.384046438578312e-05
0.054496951219512195 9.097261266954449e-05
0.052972560975609755 8.835887439651687e-05
0.051829268292682924 8.574513612348926e-05
0.050495426829268296 8.32403036118378e-05
0.049352134146341466 8.077177302064504e-05
0.04839939024390244 7.837584627036973e-05
0.04725609756097561 7.605252336101186e-05
0.04649390243902439 7.37655023721127e-05
0.044778963414634144 7.169629290596583e-05
0.04420731707317073 6.951817767844282e-05
0.042682926829268296 6.755787397367211e-05
0.04211128048780488 6.548866450752524e-05
0.040777439024390245 6.363726656413069e-05
0.040396341463414635 6.164066093890125e-05
0.039253048780487805 5.986186683642413e-05
0.038109756097560975 5.815567657486443e-05
0.037347560975609755 5.641318439284603e-05
0.03601371951219512 5.481589989266248e-05
0.035442073170731704 5.314601155156151e-05
0.034489329268292686 5.1621330892295395e-05
0.034108231707317076 5.002404639211185e-05
0.033727134146341466 4.846306381238703e-05
0.03239329268292683 4.71198927554145e-05
0.032202743902439025 4.5631514016607114e-05
0.031821646341463415 4.4215739118717154e-05
0.031059451219512195 4.2908869982203346e-05
0.03086890243902439 4.15293970047721e-05
0.029916158536585365 4.0367735550093166e-05
0.029153963414634148 3.916977217495551e-05
0.028582317073170733 3.800811072027657e-05
0.027820121951219513 3.688275118605635e-05
0.027057926829268292 3.582999549275356e-05
0.025914634146341462 3.48498436403682e-05
0.024390243902439025 3.401489946981771e-05
0.02381859756097561 3.299844569697364e-05
0.0234375 3.198199192412957e-05
0.02267530487804878 3.107444391266164e-05
0.022484756097560975 3.009429206027629e-05
0.022103658536585365 2.9186744048808366e-05
0.021341463414634148 2.8388101798716595e-05
0.020769817073170733 2.755315762816611e-05
0.020198170731707318 2.6754515378074336e-05
0.019435975609756097 2.60284769689e-05
0.018483231707317072 2.533874048018438e-05
0.018102134146341462 2.4576400150551325e-05
0.017339939024390245 2.392296558229442e-05
0.01714939024390244 2.3160625252661368e-05
0.01714939024390244 2.239828492302831e-05
0.016958841463414635 2.170854843431269e-05
0.016577743902439025 2.105511386605579e-05
0.01600609756097561 2.0474283138716317e-05
0.015625 1.985715049091813e-05
0.01524390243902439 1.927631976357866e-05
0.015053353658536585 1.8659187115780473e-05
0.014672256097560975 1.8114658308899722e-05
0.014481707317073171 1.7570129502018968e-05
0.014100609756097561 1.706190261559693e-05
0.013528963414634146 1.6589977649633612e-05
0.012957317073170731 1.615435460412901e-05
0.012957317073170731 1.5609825797248256e-05
0.012957317073170731 1.510159891082622e-05
0.012576219512195123 1.4665975865321618e-05
0.012004573170731708 1.4266654740275733e-05
0.011623475609756097 1.3867333615229846e-05
0.011242378048780487 1.346801249018396e-05
0.010861280487804877 1.3104993285596792e-05
0.010861280487804877 1.266937024009219e-05
0.010670731707317074 1.2270049115046304e-05
0.010289634146341464 1.1943331830917852e-05
0.010099085365853659 1.1580312626330684e-05
0.009908536585365854 1.1217293421743514e-05
0.009717987804878049 1.0854274217156345e-05
0.009717987804878049 1.0491255012569177e-05
0.009717987804878049 1.0164537728440725e-05
0.009527439024390244 9.837820444312273e-06
0.009336890243902439 9.547405080642539e-06
0.008955792682926829 9.29329163743152e-06
0.008765243902439025 9.002876273761785e-06
0.008384146341463415 8.748762830550766e-06
0.008384146341463415 8.458347466881032e-06
0.008003048780487805 8.240535944128731e-06
0.0078125 7.986422500917713e-06
0.00743140243902439 7.804912898624128e-06
0.00743140243902439 7.55079945541311e-06
0.007240853658536586 7.2966860122020915e-06
0.007240853658536586 7.078874489449791e-06
0.006859756097560976 6.897364887156206e-06
0.006669207317073171 6.679553364403905e-06
0.006288109756097561 6.534345682569037e-06
0.006097560975609756 6.352836080275453e-06
0.005525914634146341 6.243930318899302e-06
0.005525914634146341 6.0261187961470015e-06
0.004954268292682927 5.91721303477085e-06
0.004763719512195122 5.772005352935983e-06
0.004763719512195122 5.590495750642398e-06
0.004763719512195122 5.372684227890098e-06
0.004763719512195122 5.191174625596513e-06
0.004573170731707317 5.0822688642203626e-06
0.004382621951219513 4.937061182385495e-06
0.004382621951219513 4.755551580091911e-06
0.004382621951219513 4.6103438982570435e-06
0.004382621951219513 4.428834295963459e-06
0.004192073170731708 4.319928534587308e-06
0.004192073170731708 4.17472085275244e-06
0.004192073170731708 4.029513170917573e-06
0.004192073170731708 3.884305489082705e-06
0.004192073170731708 3.739097807247838e-06
0.004192073170731708 3.6301920458716874e-06
0.004192073170731708 3.4849843640368202e-06
0.004192073170731708 3.3760786026606694e-06
0.0040015243902439025 3.3034747617432355e-06
0.0038109756097560975 3.194569000367085e-06
0.003620426829268293 3.121965159449651e-06
0.003620426829268293 3.0130593980735008e-06
0.003620426829268293 2.90415363669735e-06
0.003429878048780488 2.8315497957799164e-06
0.003429878048780488 2.7226440344037656e-06
0.003429878048780488 2.650040193486332e-06
0.003429878048780488 2.5411344321101813e-06
0.0032393292682926828 2.5048325116514645e-06
0.002858231707317073 2.4685305911927477e-06
0.002858231707317073 2.3959267502753137e-06
0.002858231707317073 2.287020988899163e-06
0.002858231707317073 2.2144171479817294e-06
0.0026676829268292685 2.1781152275230126e-06
0.0026676829268292685 2.1055113866055786e-06
0.0026676829268292685 2.032907545688145e-06
0.0026676829268292685 1.9603037047707115e-06
0.0026676829268292685 1.8876998638532775e-06
0.0026676829268292685 1.8150960229358437e-06
0.0024771341463414634 1.778794102477127e-06
0.0022865853658536584 1.7424921820184101e-06
0.0022865853658536584 1.6698883411009763e-06
0.0022865853658536584 1.6335864206422593e-06
0.0022865853658536584 1.5609825797248256e-06
0.002096036585365854 1.5246806592661088e-06
0.002096036585365854 1.488378738807392e-06
0.002096036585365854 1.4157748978899582e-06
0.0019054878048780487 1.4157748978899582e-06
0.001714939024390244 1.3794729774312412e-06
0.001714939024390244 1.3431710569725244e-06
0.001714939024390244 1.3068691365138074e-06
0.001714939024390244 1.2342652955963739e-06
0.001524390243902439 1.2342652955963739e-06
0.001524390243902439 1.1979633751376569e-06
0.001524390243902439 1.16166145467894e-06
0.0013338414634146342 1.125359534220223e-06
0.0013338414634146342 1.0890576137615063e-06
0.0013338414634146342 1.0527556933027893e-06
0.0013338414634146342 1.0164537728440725e-06
0.0011432926829268292 1.0164537728440725e-06
0.0011432926829268292 9.801518523853557e-07
0.0011432926829268292 9.438499319266387e-07
0.0011432926829268292 9.075480114679218e-07
0.0009527439024390244 9.075480114679218e-07
0.0009527439024390244 8.712460910092051e-07
0.0009527439024390244 8.349441705504882e-07
0.0009527439024390244 7.986422500917713e-07
0.0007621951219512195 7.986422500917713e-07
0.0007621951219512195 7.623403296330544e-07
0.0007621951219512195 7.260384091743375e-07
0.0007621951219512195 6.897364887156206e-07
0.0007621951219512195 6.534345682569037e-07
0.0007621951219512195 6.171326477981869e-07
0.0007621951219512195 5.8083072733947e-07
0.0007621951219512195 5.445288068807531e-07
0.0007621951219512195 5.082268864220363e-07
0.0007621951219512195 4.7192496596331937e-07
0.0007621951219512195 4.3562304550460253e-07
0.0007621951219512195 3.9932112504588564e-07
0.0005716463414634146 3.9932112504588564e-07
0.0005716463414634146 3.6301920458716875e-07
0.00038109756097560977 3.6301920458716875e-07
0.00038109756097560977 3.2671728412845186e-07
0.00038109756097560977 2.90415363669735e-07
0.00038109756097560977 2.5411344321101813e-07
0.00038109756097560977 2.1781152275230126e-07
0.00038109756097560977 1.8150960229358437e-07
0.00019054878048780488 1.8150960229358437e-07
0.00019054878048780488 1.452076818348675e-07
0.00019054878048780488 1.0890576137615063e-07
0.00019054878048780488 7.260384091743375e-08
0.00019054878048780488 3.630192045871688e-08
0.00019054878048780488 0.0
0.0 0.0
