1.0 0.9999999636980795
1.0 0.9712207813102612
1.0 0.9432697183319471
1.0 0.9161228880994754
1.0 0.889757166289514
1.0 0.8641500820132987
1.0 0.8392798541185545
1.0 0.8151251733779721
1.0 0.7916655292064922
1.0 0.7688809192459423
1.0 0.7467519219688767
1.0 0.7252596240747367
1.0 0.7043857656975312
1.0 0.6841124862923949
1.0 0.66442257874903
1.0 0.6452991626744234
1.0 0.6267260837139711
1.0 0.6086874053245914
1.0 0.5911677354920101
1.0 0.5741521541269184
1.0 0.5576262130649741
1.0 0.5415757908591183
1.0 0.5259871653834179
1.0 0.5108470864369056
1.0 0.4961425942339772
1.0 0.4818613098197566
1.0 0.46799092684320825
1.0 0.45451961087826254
1.0 0.44143589051805454
1.0 0.42872869367684435
1.0 0.4163871297784944
1.0 0.40440063496415113
1.0 0.39275904469608613
1.0 0.38145244855001414
1.0 0.37047115391317276
1.0 0.35980583119200404
1.0 0.3494474412083138
1.0 0.33938708999158956
1.0 0.3296161739866827
1.0 0.32012641635572864
1.0 0.310909721770465
1.0 0.3019582127141523
1.0 0.29326430208541465
1.0 0.28482043908479665
1.0 0.27661969004549064
1.0 0.26865483088532544
1.0 0.2609191457490161
1.0 0.25340610029088
1.0 0.24610916016523474
1.0 0.2390222266494431
1.0 0.23213916471894763
1.0 0.22545412976455445
1.0 0.2189615675924334
1.0 0.21265566989531107
1.0 0.2065313907062437
1.0 0.20058321213332156
1.0 0.1948061971153623
1.0 0.18919548119502438
1.0 0.183746091009205
1.0 0.17845359772360822
1.0 0.17331335469241527
1.0 0.16832100568517117
1.0 0.1634723033771822
1.0 0.15876310934951604
1.0 0.1541894303909223
1.0 0.1497473458939914
1.0 0.14543304415707523
1.0 0.14124296759196875
1.0 0.13717337710086475
1.0 0.1332208603032401
1.0 0.12938215002625356
1.0 0.12565383388938195
1.0 0.12203289883322724
1.0 0.11851604138302767
1.0 0.11510046629090791
1.0 0.11178308789362898
1.0 0.10856114724523602
1.0 0.10543203060745601
1.0 0.10239287012857269
1.0 0.09944116097607442
1.0 0.09657439831744954
1.0 0.09379011362210689
1.0 0.0910859472652166
1.0 0.08845950332002844
1.0 0.08590878518091716
1.0 0.08343139692113248
1.0 0.08102523302928781
1.0 0.07868840580551928
1.0 0.07641877343651984
1.0 0.07421444822242564
1.0 0.07207354246337282
1.0 0.06999424106333843
1.0 0.06797476522822
1.0 0.06601337246583554
1.0 0.06410846549168482
1.0 0.06225833811550632
1.0 0.060461465656640755
1.0 0.0587162871325084
1.0 0.05702127786244999
1.0 0.055375094675408555
1.0 0.05377628549456575
1.0 0.052223470846944134
1.0 0.05071530756148674
1.0 0.049250561372897975
1.0 0.04782792541204132
1.0 0.04644627431938255
1.0 0.045104373829626086
1.0 0.04380102597939677
1.0 0.04253528691876269
1.0 0.04130588608050779
1.0 0.04011187961470013
1.0 0.038952251067566876
1.0 0.037825947683414726
1.0 0.03673202561231175
1.0 0.03566968621200786
1.0 0.034637840424889293
1.0 0.03363572591062641
1.0 0.0326623988192873
1.0 0.03171709681054231
1.0 0.030798984940220903
1.0 0.02990730086799344
1.0 0.02904124595160983
1.0 0.028200166756501818
1.0 0.027383264640419312
1.0 0.02658981356495314
0.9998094512195121 0.025819305303216872
0.9998094512195121 0.025070868609119508
0.9998094512195121 0.024344067859615535
0.9998094512195121 0.023638140714375328
0.9998094512195121 0.02295250634267154
0.9998094512195121 0.02228658391377684
0.9996189024390244 0.021639865200804798
0.9996189024390244 0.02101173307110762
0.9996189024390244 0.020401679297798885
0.9996189024390244 0.01980915935207171
0.9994283536585366 0.019233737610880586
0.9994283536585366 0.018674796941577722
0.9994283536585366 0.018131974324958527
0.9994283536585366 0.01760479783605704
0.9994283536585366 0.017092759247986842
0.9994283536585366 0.016595459239622877
0.9992378048780488 0.01611249848984011
0.9992378048780488 0.01564340507367257
0.9992378048780488 0.015187815971915673
0.9988567073170732 0.01474540446728529
0.9988567073170732 0.01431562603097454
0.9988567073170732 0.013898262851460673
0.9986661585365854 0.01349291560761864
0.9986661585365854 0.013099184978323398
0.9986661585365854 0.012716816850131733
0.9984756097560976 0.012345448203839059
0.9984756097560976 0.011984752322161249
0.9979039634146342 0.011634511393575547
0.9977134146341463 0.011294326096956912
0.9977134146341463 0.010963906016941671
0.9977134146341463 0.010642960738166155
0.9977134146341463 0.010331236147187154
0.9977134146341463 0.010028514432481914
0.9973323170731707 0.009734541480607223
0.997141768292683 0.009449026876199416
0.997141768292683 0.00917168020389482
0.9967606707317073 0.008902356256011597
0.9963795731707317 0.008640837221027002
0.9961890243902439 0.008386760079736441
0.9959984756097561 0.008140015926378544
0.9959984756097561 0.007900350647510095
0.9958079268292683 0.007667582733528802
0.9952362804878049 0.007441639580593748
0.995045731707317 0.007222085565659429
0.9942835365853658 0.007008956990646302
0.9942835365853658 0.006801854534429322
0.9939024390243902 0.006600741895088031
0.9939024390243902 0.006405364959179216
0.993140243902439 0.006215760028623338
0.9927591463414634 0.00603152778229535
0.9927591463414634 0.005852559314433876
0.9921875 0.005678818323118457
0.9919969512195121 0.005509978091064965
0.9914253048780488 0.0053461475240347755
0.9914253048780488 0.005186854697061926
0.9908536585365854 0.00503228111974871
0.9902820121951219 0.004882172678651915
0.9895198170731707 0.004736420468010167
0.989329268292683 0.004594734072459795
0.9889481707317073 0.004457186095841717
0.9885670731707317 0.004323595028553638
0.9881859756097561 0.004193815662913726
0.9868521341463414 0.004067993206603813
0.9858993902439024 0.003945728338498855
0.9841844512195121 0.0038270936624397677
0.9838033536585366 0.003711653555381048
0.9832317073170732 0.003599589526924989
0.9826600609756098 0.003490720067469297
0.9811356707317073 0.0033851903846958075
0.9798018292682927 0.0032826374593999323
0.9796112804878049 0.0031828797819793784
0.9784679878048781 0.003086135163956898
0.977515243902439 0.0029921494918892797
0.9761814024390244 0.002900922765776524
0.9746570121951219 0.0028124186836981724
0.9733231707317073 0.0027263831322110136
0.9721798780487805 0.0026427798093945887
0.9710365853658537 0.002561681319089815
0.9704649390243902 0.0024827609440125644
0.96875 0.002406309099526507
0.9670350609756098 0.0023321079741088894
0.965891768292683 0.0022599034543165017
0.9649390243902439 0.0021897681439902606
0.9634146341463414 0.002121774646971084
0.9624618902439024 0.002055596245974843
0.9607469512195121 0.0019915233563652076
0.9596036585365854 0.0019291566570171321
0.9584603658536586 0.0018686050536919924
0.9575076219512195 0.0018097596406284123
0.9557926829268293 0.001752765625508227
0.9548399390243902 0.0016972599891268488
0.9536966463414634 0.0016434242410865716
0.9516006097560976 0.0015912946833078541
0.9498856707317073 0.0015406172023474855
0.9477896341463414 0.0014915007039668416
0.9453125 0.0014438362824045464
0.9426448170731707 0.0013976239376605997
0.9405487804878049 0.0013526458582122495
0.9390243902439024 0.0013088657421390368
0.9352134146341463 0.0012667555144069253
0.9315929878048781 0.0012258795519704102
0.9296875 0.001185874835624904
0.9274009146341463 0.0011470680826545358
0.9239710365853658 0.0011096408026615987
0.9205411585365854 0.0010733025802824232
0.9184451219512195 0.0010377630001533393
0.9152057926829268 0.0010034939872403106
0.9123475609756098 0.0009701325223387498
0.9089176829268293 0.0009378964169714091
0.90625 0.0009064226519337016
0.9039634146341463 0.0008758201329870034
0.901295731707317 0.0008461614639722316
0.8986280487804879 0.0008173740410484691
0.8950076219512195 0.0007896393738180095
0.8913871951219512 0.0007626670469171828
0.8862423780487805 0.0007368200795505764
0.8841463414634146 0.0007111546217862636
0.8784298780487805 0.0006869412408402995
0.875 0.000663018275258005
0.8704268292682927 0.0006400028576871785
0.8668064024390244 0.0006175319689232327
0.8639481707317073 0.0005955330051252504
0.8601371951219512 0.0005744052874182772
0.8568978658536586 0.0005537857965977259
0.8523246951219512 0.0005340012499477253
0.8490853658536586 0.0005145797225023117
0.8433689024390244 0.000496210950750201
0.838795731707317 0.0004781688962822187
0.8340320121951219 0.00046074397446203456
0.8288871951219512 0.00044389988336918996
0.825266768292683 0.0004272373018786389
0.8227896341463414 0.0004109014376722163
0.8180259146341463 0.00039547312147726165
0.8136432926829268 0.00038044412640735287
0.8073551829268293 0.00036625007550799454
0.8022103658536586 0.0003522738361313886
0.7961128048780488 0.00033887842748212205
0.7896341463414634 0.00032599124571927753
0.7831554878048781 0.00031353968700193765
0.7764862804878049 0.00030148744940964364
0.770579268292683 0.00028968932526056066
0.7648628048780488 0.00027821791839560613
0.7599085365853658 0.0002669643230534039
0.7536204268292683 0.00025629155843854114
0.7492378048780488 0.00024561879382367836
0.7427591463414634 0.00023567206761798996
0.7378048780487805 0.00022576164333276024
0.7292301829268293 0.00021686767282037462
0.7227515243902439 0.00020786479654661284
0.7145579268292683 0.00019947905292064922
0.7069359756097561 0.0001912748188969792
0.7010289634146342 0.0001830342829528505
0.6934070121951219 0.00017537457773606123
0.6850228658536586 0.00016811419364431786
0.676829268292683 0.00016107162107532676
0.6707317073170732 0.00015388384082450082
0.6640625 0.00014702277785780333
0.6541539634146342 0.00014106926290257378
0.6467225609756098 0.00013482533258367448
0.6404344512195121 0.0001286177041852339
0.6341463414634146 0.0001225915853890869
0.6269054878048781 0.00011692848579752706
0.6198551829268293 0.00011151949964917825
0.6120426829268293 0.00010640092886449916
0.6048018292682927 0.00010135496192073751
0.5969893292682927 9.65994103406456e-05
0.5886051829268293 9.217057604468215e-05
0.5806021341463414 8.781434558963611e-05
0.5722179878048781 8.36759266573424e-05
0.5638338414634146 7.975531924780098e-05
0.5535442073170732 7.630663680422288e-05
0.5466844512195121 7.238602939468145e-05
0.5386814024390244 6.882844118972719e-05
0.5301067073170732 6.552496642798396e-05
0.5228658536585366 6.211258590486457e-05
0.5144817073170732 5.9063224586332353e-05
0.5080030487804879 5.5759749824589124e-05
0.4994283536585366 5.3037105790185355e-05
0.4919969512195122 5.0169254073946723e-05
0.48246951219512196 4.784593116458884e-05
0.4731326219512195 4.55952120961484e-05
0.4657012195121951 4.3126681504955645e-05
0.4575076219512195 4.08759624365152e-05
0.4495045731707317 3.869784720899219e-05
0.4418826219512195 3.659233582238661e-05
0.4333079268292683 3.474093787899205e-05
0.4260670731707317 3.274433225376262e-05
0.42054115853658536 3.052991510578089e-05
0.4136814024390244 2.8642215241927615e-05
0.4058689024390244 2.7044930741744073e-05
0.3976753048780488 2.55928539233954e-05
0.3910060975609756 2.395926750275314e-05
0.3833841463414634 2.2579794525321896e-05
0.375 2.1418133070642955e-05
0.3643292682926829 2.076469850238605e-05
0.35746951219512196 1.949413128633096e-05
0.3469893292682927 1.8949602479450207e-05
0.3386051829268293 1.8114658308899722e-05
0.3311737804878049 1.7134506456514366e-05
0.3239329268292683 1.6226958445046443e-05
0.31821646341463417 1.5065296990367504e-05
0.3098323170731707 1.4484466263028034e-05
0.30240091463414637 1.3794729774312412e-05
0.29516006097560976 1.3104993285596792e-05
0.2883003048780488 1.2415256796881171e-05
0.2818216463414634 1.1725520308165551e-05
0.2738185975609756 1.1362501103578382e-05
0.26676829268292684 1.0854274217156345e-05
0.2604801829268293 1.0273443489816876e-05
0.2547637195121951 9.656310842018688e-06
0.24904725609756098 9.075480114679218e-06
0.24352134146341464 8.49464938733975e-06
0.23761432926829268 8.022724421376429e-06
0.23266006097560976 7.4418936940369595e-06
0.22713414634146342 7.006270648532357e-06
0.22141768292682926 6.6432514439451885e-06
0.21532012195121952 6.38913800073417e-06
0.20941310975609756 6.171326477981869e-06
0.203125 6.0261187961470015e-06
0.19740853658536586 5.844609193853417e-06
0.19207317073170732 5.590495750642398e-06
0.1876905487804878 5.22747654605523e-06
0.18311737804878048 4.900759261926778e-06
0.17873475609756098 4.6103438982570435e-06
0.17378048780487804 4.428834295963459e-06
0.16939786585365854 4.17472085275244e-06
0.16539634146341464 3.884305489082705e-06
0.16101371951219512 3.7027958867891214e-06
0.15739329268292682 3.4123805231193862e-06
0.15301067073170732 3.3034747617432355e-06
0.14900914634146342 3.121965159449651e-06
0.14538871951219512 2.90415363669735e-06
0.14138719512195122 2.795247875321199e-06
0.13738567073170732 2.686342113945049e-06
0.13452743902439024 2.3959267502753137e-06
0.13090701219512196 2.287020988899163e-06
0.12671493902439024 2.287020988899163e-06
0.12328506097560976 2.1781152275230126e-06
0.11985518292682927 2.1055113866055786e-06
0.11680640243902439 1.9603037047707115e-06
0.1133765243902439 1.9240017843119942e-06
0.11032774390243902 1.8150960229358437e-06
0.10727896341463415 1.7424921820184101e-06
0.10423018292682927 1.6698883411009763e-06
0.10194359756097561 1.488378738807392e-06
0.09908536585365854 1.452076818348675e-06
0.09660823170731707 1.3431710569725244e-06
0.0939405487804878 1.2705672160550906e-06
0.09165396341463415 1.16166145467894e-06
0.08898628048780488 1.125359534220223e-06
0.08669969512195122 1.0527556933027893e-06
0.08441310975609756 9.801518523853557e-07
0.0819359756097561 9.438499319266387e-07
0.07983993902439024 8.712460910092051e-07
0.07755335365853659 8.349441705504882e-07
0.07545731707317073 7.986422500917713e-07
0.07317073170731707 7.986422500917713e-07
0.07107469512195122 7.623403296330544e-07
0.06916920731707317 7.260384091743375e-07
0.06726371951219512 6.897364887156206e-07
0.06554878048780488 6.171326477981869e-07
0.06345274390243902 6.171326477981869e-07
0.061547256097560975 6.171326477981869e-07
0.060403963414634144 5.082268864220363e-07
0.0584984756097561 5.082268864220363e-07
0.05697408536585366 4.7192496596331937e-07
0.055640243902439025 3.9932112504588564e-07
0.05392530487804878 3.9932112504588564e-07
0.052210365853658534 3.9932112504588564e-07
0.0506859756097561 3.9932112504588564e-07
0.04916158536585366 3.9932112504588564e-07
0.04763719512195122 3.9932112504588564e-07
0.04649390243902439 3.6301920458716875e-07
0.045160060975609755 3.6301920458716875e-07
0.043635670731707314 3.6301920458716875e-07
0.04249237804878049 3.6301920458716875e-07
0.041158536585365856 3.6301920458716875e-07
0.040015243902439025 3.2671728412845186e-07
0.0390625 2.90415363669735e-07
0.03791920731707317 2.90415363669735e-07
0.03677591463414634 2.90415363669735e-07
0.03563262195121951 2.90415363669735e-07
0.034489329268292686 2.90415363669735e-07
0.033727134146341466 2.5411344321101813e-07
0.03277439024390244 2.5411344321101813e-07
0.03163109756097561 2.5411344321101813e-07
0.030678353658536585 2.5411344321101813e-07
0.03010670731707317 2.1781152275230126e-07
0.029153963414634148 2.1781152275230126e-07
0.028201219512195123 2.1781152275230126e-07
0.027629573170731708 1.8150960229358437e-07
0.026867378048780487 1.452076818348675e-07
0.026105182926829267 1.452076818348675e-07
0.02534298780487805 1.452076818348675e-07
0.02458079268292683 1.452076818348675e-07
0.02381859756097561 1.452076818348675e-07
0.02305640243902439 1.452076818348675e-07
0.022484756097560975 1.452076818348675e-07
0.021722560975609755 1.452076818348675e-07
0.021150914634146343 1.452076818348675e-07
0.020579268292682928 1.452076818348675e-07
0.019817073170731708 1.452076818348675e-07
0.019245426829268292 1.452076818348675e-07
0.018673780487804877 1.452076818348675e-07
0.018102134146341462 1.452076818348675e-07
0.01753048780487805 1.452076818348675e-07
0.016958841463414635 1.452076818348675e-07
0.016577743902439025 1.452076818348675e-07
0.016196646341463415 1.0890576137615063e-07
0.01600609756097561 7.260384091743375e-08
0.015434451219512195 7.260384091743375e-08
0.01524390243902439 3.630192045871688e-08
0.014672256097560975 3.630192045871688e-08
0.014291158536585366 3.630192045871688e-08
0.013910060975609756 3.630192045871688e-08
0.013528963414634146 3.630192045871688e-08
0.013147865853658536 3.630192045871688e-08
0.012957317073170731 0.0
0.012576219512195123 0.0
0.012195121951219513 0.0
0.011814024390243903 0.0
0.011432926829268292 0.0
0.011051829268292682 0.0
0.010861280487804877 0.0
0.010480182926829269 0.0
0.010099085365853659 0.0
0.009908536585365854 0.0
0.009527439024390244 0.0
0.009336890243902439 0.0
0.008955792682926829 0.0
0.008765243902439025 0.0
0.00857469512195122 0.0
0.00819359756097561 0.0
0.008003048780487805 0.0
0.0078125 0.0
0.007621951219512195 0.0
0.007240853658536586 0.0
0.007050304878048781 0.0
0.006859756097560976 0.0
0.006669207317073171 0.0
0.0064786585365853655 0.0
0.006288109756097561 0.0
0.006097560975609756 0.0
0.005907012195121951 0.0
0.005716463414634146 0.0
0.005525914634146341 0.0
0.005335365853658537 0.0
0.005144817073170732 0.0
0.004954268292682927 0.0
0.004763719512195122 0.0
0.004573170731707317 0.0
0.004382621951219513 0.0
0.004192073170731708 0.0
0.0040015243902439025 0.0
0.0038109756097560975 0.0
0.003620426829268293 0.0
0.003429878048780488 0.0
0.0032393292682926828 0.0
0.003048780487804878 0.0
0.002858231707317073 0.0
0.0026676829268292685 0.0
0.0024771341463414634 0.0
0.0022865853658536584 0.0
0.002096036585365854 0.0
0.0019054878048780487 0.0
0.001714939024390244 0.0
0.001524390243902439 0.0
0.0013338414634146342 0.0
0.0011432926829268292 0.0
0.0009527439024390244 0.0
0.0007621951219512195 0.0
0.0005716463414634146 0.0
0.00038109756097560977 0.0
0.00019054878048780488 0.0
0.0 0.0
