1.0 0.9999999636980795
0.9998094512195121 0.9712208176121816
0.9994283536585366 0.9432698272377085
0.9986661585365854 0.9161231422129186
0.9975228658536586 0.8897576382144798
0.9961890243902439 0.8641508443536283
0.9944740853658537 0.8392809068742478
0.9914253048780488 0.8151268069643928
0.9879954268292683 0.7916678162274812
0.984375 0.7688838960034199
0.9801829268292683 0.7467556973686045
0.9761814024390244 0.725264161814794
0.9706554878048781 0.7043913561932819
0.9632240853658537 0.6841194562611229
0.9596036585365854 0.6644302747561672
0.9544588414634146 0.6453078751353336
0.9458841463414634 0.6267363934593814
0.9392149390243902 0.6086989493352973
0.9291158536585366 0.5911812035045003
0.9211128048780488 0.5741671831219884
0.9125381097560976 0.5576428756464646
0.9047256097560976 0.5415939418193477
0.8950076219512195 0.5260071677415907
0.8847179878048781 0.5108690490987831
0.8729039634146342 0.4961668802187641
0.8633765243902439 0.48188733829672553
0.8523246951219512 0.46801906083156375
0.8412728658536586 0.45454985037800466
0.8302210365853658 0.4414682718311037
0.8191692073170732 0.4287631078974392
0.8081173780487805 0.4164236858123963
0.7963033536585366 0.404439405415201
0.7825838414634146 0.39280046518732953
0.7747713414634146 0.38149532111807594
0.7642911585365854 0.37051609569070065
0.7526676829268293 0.35985295108475945
0.7408536585365854 0.34949681182013764
0.7311356707317073 0.3394383120013568
0.7200838414634146 0.3296695015078366
0.7082698170731707 0.3201819945959509
0.6932164634146342 0.3109681315604831
0.6815929878048781 0.3020188732232388
0.6671112804878049 0.2933276489366151
0.6537728658536586 0.28488643597619057
0.640625 0.27668811916555536
0.6303353658536586 0.2687252566110153
0.6194740853658537 0.2609916769860926
0.6063262195121951 0.25348106375662727
0.5975609756097561 0.24618579351932307
0.5863185975609756 0.23910103811875896
0.5735518292682927 0.2322204447188547
0.561547256097561 0.22553766048352997
0.5499237804878049 0.21904727642663643
0.5386814024390244 0.212743665750503
0.5295350609756098 0.20662102014785627
0.5217225609756098 0.20067432995367293
0.5118140243902439 0.19489923893749797
0.5022865853658537 0.18929019290550117
0.49104420731707316 0.18384301713682977
0.4807545731707317 0.17855248415493777
0.4737042682926829 0.17341354799288133
0.4636051829268293 0.16842315928934198
0.45483993902439024 0.1635761268696941
0.4460746951219512 0.1588686027303691
0.4376905487804878 0.15429655735819597
0.4291158536585366 0.14985610644768574
0.42035060975609756 0.14554347459911063
0.41215701219512196 0.14135495901658388
0.4018673780487805 0.13728736513110512
0.3948170731707317 0.13333619150453746
0.3860518292682927 0.12949911481397153
0.37709603658536583 0.12577254116928197
0.3696646341463415 0.12215298558610467
0.3622332317073171 0.11863750760888253
0.35308689024390244 0.11522371131086526
0.3471798780487805 0.11190731306543872
0.3410823170731707 0.10868664298426181
0.3328887195121951 0.10555908732906151
0.328125 0.10252076179434876
0.32183689024390244 0.09957032320906653
0.31802591463414637 0.09670428658885084
0.31154725609756095 0.09392123615880377
0.3052591463414634 0.09121826776528863
0.3006859756097561 0.08859280397195285
0.2938262195121951 0.08604332009813716
0.28753810975609756 0.08356712980172762
0.2816310975609756 0.08116209126941717
0.27458079268292684 0.07882660721670562
0.26733993902439024 0.07655835432068361
0.2625762195121951 0.07435493665460087
0.2545731707317073 0.07221544667044594
0.24923780487804878 0.07013727062994578
0.2421875 0.06811910166396387
0.2381859756097561 0.06615847124190903
0.23227896341463414 0.064254725929213
0.22580030487804878 0.06240579651640963
0.2183689024390244 0.060610339832441955
0.21417682926829268 0.058865996252480145
0.20884146341463414 0.05717200343619458
0.2033155487804878 0.055526873004846454
0.19855182926829268 0.053928898768174194
0.19302591463414634 0.0523772094800868
0.18826219512195122 0.050869953742640875
0.18407012195121952 0.0494060061963022
0.18025914634146342 0.04798409627385472
0.1756859756097561 0.04660320752152559
0.16996951219512196 0.0452624686932238
0.16539634146341464 0.04396006469292641
0.16234756097560976 0.04269487016109921
0.15701219512195122 0.04146648577661715
0.1524390243902439 0.040273277953059586
0.1482469512195122 0.039114448048176424
0.1448170731707317 0.03798883440051299
0.1408155487804878 0.03689574727358057
0.13776676829268292 0.035833952402083556
0.13376524390243902 0.03480286895529462
0.13090701219512196 0.033801262667918164
0.12842987804878048 0.03282844380346547
0.1251905487804878 0.03188375892736828
0.12157012195121951 0.030966336793535585
0.11985518292682927 0.030074943136671792
0.11547256097560976 0.029209759466379194
0.1133765243902439 0.028369079592396228
0.11108993902439024 0.02755257679743877
0.10746951219512195 0.026759924364222684
0.1055640243902439 0.02598967021592963
0.10327743902439024 0.02524170544679823
0.10060975609756098 0.02451537662226022
0.09794207317073171 0.023809957703906436
0.0939405487804878 0.023125085672532283
0.09165396341463415 0.022459598866683084
0.08860518292682927 0.021813424682517926
0.08631859756097561 0.02118572817586625
0.08269817073170732 0.02057632783712577
0.07907774390243902 0.019984533929807768
0.07755335365853659 0.019409366302059857
0.07526676829268293 0.018850861255802497
0.07259908536585366 0.018308583167990188
0.07126524390243902 0.017781624490611454
0.06840701219512195 0.017270130431348132
0.06688262195121951 0.016773120838347838
0.06459603658536585 0.016290559409690115
0.062309451219512195 0.01582190161656808
0.06021341463414634 0.01536667553401577
0.05907012195121951 0.014924445538987682
0.057164634146341466 0.01449503012188152
0.055640243902439025 0.014077921055810863
0.05392530487804878 0.01367290052925296
0.052591463414634144 0.013279424013400926
0.051067073170731704 0.012897309998652472
0.04916158536585366 0.012526304371564385
0.047446646341463415 0.012165898905250246
0.045922256097560975 0.011815912090107756
0.04458841463414634 0.011475872001170956
0.04249237804878049 0.011145887544201219
0.04096798780487805 0.010825232680789372
0.039253048780487805 0.010513834807094499
0.03868140243902439 0.010211221998150635
0.037728658536585365 0.009917357952037322
0.037347560975609755 0.009631879649549972
0.036204268292682924 0.00935467818492721
0.0350609756097561 0.009085535746646283
0.033346036585365856 0.008824307127025357
0.031440548780487805 0.008570556703018926
0.03010670731707317 0.008324030361183779
0.028772865853658538 0.008084546591917624
0.027629573170731708 0.007852032791379542
0.026486280487804877 0.007626162242285407
0.026105182926829267 0.007406680831192004
0.025152439024390245 0.007193588558099336
0.024390243902439025 0.006986631309564191
0.02381859756097561 0.006785554972143358
0.0234375 0.006590250640075461
0.02267530487804878 0.006400645709519584
0.02229420731707317 0.006216413463191595
0.02153201219512195 0.006037590203011956
0.02153201219512195 0.005863740305935161
0.020769817073170733 0.005695008979643044
0.020579268292682928 0.005531105808771938
0.019817073170731708 0.005371958189480924
0.019245426829268292 0.0052173846121677065
0.019054878048780487 0.005067203567229995
0.018673780487804877 0.0049213787527473294
0.018292682926829267 0.0047797286591174165
0.018292682926829267 0.004642108078658421
0.017911585365853657 0.004508517011370342
0.01753048780487805 0.00437873764573043
0.01714939024390244 0.004252733679818223
0.016577743902439025 0.0041303962078723475
0.016196646341463415 0.00401150741837005
0.015625 0.00389606731131133
0.01524390243902439 0.0037839669809348123
0.015053353658536585 0.0036750612195586615
0.015053353658536585 0.003569241121421502
0.014672256097560975 0.0034665066865233332
0.014100609756097561 0.0033668216129436965
0.013910060975609756 0.0032698954853189227
0.013147865853658536 0.003175873511330846
0.012957317073170731 0.003084465275615797
0.012957317073170731 0.002995598174332858
0.012576219512195123 0.002909417415163864
0.012004573170731708 0.0028257414885065214
0.011623475609756097 0.0027444614885994544
0.011623475609756097 0.0026654322077608278
0.011432926829268292 0.0025886899479111002
0.011242378048780487 0.0025141984071298134
0.011242378048780487 0.0024417760758146732
0.010670731707317074 0.002371568161647515
0.010099085365853659 0.0023033931550260445
0.009336890243902439 0.002237178452109345
0.008955792682926829 0.0021728514490564985
0.008765243902439025 0.0021103032401061294
0.00857469512195122 0.002049570127178696
0.00819359756097561 0.0019906158083537397
0.007621951219512195 0.001933403981710802
0.00743140243902439 0.001877753137647589
0.007240853658536586 0.0018237358800050184
0.007240853658536586 0.001771207001101255
0.007050304878048781 0.0017202391047772166
0.006859756097560976 0.0016707595871919855
0.006859756097560976 0.001622623240663727
0.006288109756097561 0.0015760115747947344
0.006097560975609756 0.001530670476141797
0.005716463414634146 0.001486672548545832
0.005716463414634146 0.0014438362824045464
0.005716463414634146 0.0014022705834793154
0.005716463414634146 0.0013619028479292222
0.005525914634146341 0.0013226967738338082
0.005525914634146341 0.001284616059272614
0.005525914634146341 0.0012476244023251815
0.005525914634146341 0.001211685501071052
0.005525914634146341 0.0011767993555102248
0.005525914634146341 0.0011428933618017835
0.005525914634146341 0.0011100038218661858
0.005525914634146341 0.0010780218299420562
0.005525914634146341 0.0010469836879498534
0.005525914634146341 0.0010168167920486598
0.005335365853658537 0.0009875574441589338
0.004763719512195122 0.0009592419462011347
0.004573170731707317 0.0009316161847320512
0.004382621951219513 0.0009048253674335181
0.0038109756097560975 0.0008788694943055355
0.0038109756097560975 0.0008535670557458099
0.003620426829268293 0.0008290269575157173
0.0032393292682926828 0.0008052128976947991
0.0032393292682926828 0.0007820522724421376
0.003048780487804878 0.0007595450817577332
0.003048780487804878 0.0007376913256415856
0.003048780487804878 0.0007164547021732363
0.003048780487804878 0.0006957989094322263
0.003048780487804878 0.0006757602493390147
0.003048780487804878 0.0006563024199731424
0.003048780487804878 0.0006373891194141509
0.003048780487804878 0.0006190566495824989
0.002858231707317073 0.0006012687085577276
0.002858231707317073 0.0005839163905784609
0.002858231707317073 0.000567108601406075
0.002858231707317073 0.0005507727371996524
0.002858231707317073 0.0005349087979591931
0.002858231707317073 0.0005195167836846972
0.0026676829268292685 0.0005045966943761646
0.0024771341463414634 0.0004900759261926779
0.0024771341463414634 0.00047595447913423696
0.0022865853658536584 0.0004623049570417594
0.0022865853658536584 0.0004489821522334103
0.0022865853658536584 0.0004360586685501071
0.0022865853658536584 0.00042349820407139104
0.0022865853658536584 0.0004113007587972622
0.0022865853658536584 0.0003994300308072618
0.0022865853658536584 0.00038792232202184855
0.0022865853658536584 0.0003767413305205637
0.0022865853658536584 0.0003658870563034074
0.002096036585365854 0.0003553958012908382
0.0019054878048780487 0.00034519496164193877
0.001714939024390244 0.0003352845373567091
0.001714939024390244 0.00032562822651469037
0.001714939024390244 0.0003162623310363414
0.001714939024390244 0.0003071505490012035
0.001524390243902439 0.0002983291823297353
0.001524390243902439 0.00028972562718101937
0.001524390243902439 0.0002813761854755145
0.001524390243902439 0.00027328085721322064
0.001524390243902439 0.0002654033404736791
0.001524390243902439 0.0002577436352568898
0.001524390243902439 0.0002503380434833116
0.001524390243902439 0.0002431139613120269
0.0013338414634146342 0.00023614399258395328
0.0009527439024390244 0.00022942813729909066
0.0007621951219512195 0.00022285748969606289
0.0007621951219512195 0.00021643204977487
0.0005716463414634146 0.00021022442137642942
0.0005716463414634146 0.00020419830258028242
0.0005716463414634146 0.00019831739146597028
0.0005716463414634146 0.00019258168803349302
0.0005716463414634146 0.00018706379612376805
0.0005716463414634146 0.00018165480997541923
0.0005716463414634146 0.000176427333429364
0.0005716463414634146 0.00017134506456514364
0.0005716463414634146 0.00016640800338275815
0.0005716463414634146 0.00016161614988220754
0.0005716463414634146 0.00015696950406349176
0.0005716463414634146 0.00015243176400615217
0.00038109756097560977 0.00014811183547156485
0.00038109756097560977 0.00014382820885743626
0.00038109756097560977 0.00013968978992514255
0.00038109756097560977 0.00013566027675422496
0.00038109756097560977 0.00013177597126514225
0.00038109756097560977 0.000127964269616977
0.00038109756097560977 0.00012426147373018786
0.00038109756097560977 0.00012070388552523361
0.00038109756097560977 0.00011721890116119679
0.00038109756097560977 0.00011384282255853612
0.00038109756097560977 0.0001105756497172516
0.00038109756097560977 0.00010738108071688452
0.00019054878048780488 0.0001043317193983523
0.00019054878048780488 0.0001013186600002788
0.00019054878048780488 9.841450636358145e-05
0.00019054878048780488 9.558295656780154e-05
0.00019054878048780488 9.282401061293905e-05
0.00019054878048780488 9.0137668498994e-05
0.00019054878048780488 8.75602321464251e-05
0.00019054878048780488 8.501909771431492e-05
0.00019054878048780488 8.25868690435809e-05
0.00019054878048780488 8.015464037284686e-05
0.00019054878048780488 7.790392130440641e-05
0.00019054878048780488 7.565320223596597e-05
0.00019054878048780488 7.347508700844296e-05
0.00019054878048780488 7.136957562183737e-05
0.00019054878048780488 6.930036615569052e-05
0.00019054878048780488 6.73037605304611e-05
0.00019054878048780488 6.537975874614909e-05
0.00019054878048780488 6.349205888229582e-05
0.00019054878048780488 6.164066093890125e-05
0.00019054878048780488 5.986186683642413e-05
0.00019054878048780488 5.815567657486443e-05
0.00019054878048780488 5.6485788233763456e-05
0.00019054878048780488 5.4852201813121196e-05
0.00019054878048780488 5.3254917312937654e-05
0.00019054878048780488 5.173023665367155e-05
0.00019054878048780488 5.024185791486415e-05
0.00019054878048780488 4.878978109651548e-05
0.00019054878048780488 4.737400619862552e-05
0.00019054878048780488 4.6030835141652995e-05
0.00019054878048780488 4.4687664084680476e-05
0.00019054878048780488 4.341709686862538e-05
0.00019054878048780488 4.214652965257029e-05
0.00019054878048780488 4.0948566277432635e-05
0.00019054878048780488 3.975060290229498e-05
0.00019054878048780488 3.8625243368074754e-05
0.00019054878048780488 3.7499883833854534e-05
0.00019054878048780488 3.6410826220093026e-05
0.00019054878048780488 3.5358070526790235e-05
0.00019054878048780488 3.434161675394616e-05
0.00019054878048780488 3.3361464901560806e-05
0.00019054878048780488 3.241761496963417e-05
0.00019054878048780488 3.147376503770753e-05
0.00019054878048780488 3.056621702623961e-05
0.00019054878048780488 2.9694970935230403e-05
0.00019054878048780488 2.88237248442212e-05
0.00019054878048780488 2.798878067367071e-05
0.00019054878048780488 2.719013842357894e-05
0.00019054878048780488 2.639149617348717e-05
0.00019054878048780488 2.5629155843854113e-05
0.00019054878048780488 2.4903117434679777e-05
0.00019054878048780488 2.4177079025505438e-05
0.00019054878048780488 2.348734253678982e-05
0.00019054878048780488 2.27976060480742e-05
0.00019054878048780488 2.2144171479817295e-05
0.00019054878048780488 2.149073691156039e-05
0.00019054878048780488 2.0873604263762205e-05
0.00019054878048780488 2.0292773536422733e-05
0.00019054878048780488 1.9711942809083264e-05
0.00019054878048780488 1.9131112081743792e-05
0.00019054878048780488 1.858658327486304e-05
0.00019054878048780488 1.8042054467982287e-05
0.00019054878048780488 1.753382758156025e-05
0.00019054878048780488 1.7025600695138214e-05
0.00019054878048780488 1.6517373808716177e-05
0.00019054878048780488 1.6045448842752858e-05
0.00019054878048780488 1.557352387678954e-05
0.00019054878048780488 1.5137900831284937e-05
0.00019054878048780488 1.4702277785780334e-05
0.00019054878048780488 1.4266654740275733e-05
0.00019054878048780488 1.3867333615229846e-05
0.00019054878048780488 1.346801249018396e-05
0.00019054878048780488 1.3068691365138075e-05
0.00019054878048780488 1.266937024009219e-05
0.00019054878048780488 1.2306351035505021e-05
0.00019054878048780488 1.197963375137657e-05
0.0 1.1652916467248118e-05
0.0 1.1326199183119666e-05
0.0 1.0999481898991214e-05
0.0 1.0672764614862762e-05
0.0 1.034604733073431e-05
0.0 1.0055631967064574e-05
0.0 9.76521660339484e-06
0.0 9.474801239725104e-06
0.0 9.220687796514087e-06
0.0 8.966574353303069e-06
0.0 8.676158989633333e-06
0.0 8.458347466881032e-06
0.0 8.204234023670014e-06
0.0 7.950120580458995e-06
0.0 7.732309057706695e-06
0.0 7.514497534954393e-06
0.0 7.2966860122020915e-06
0.0 7.078874489449791e-06
0.0 6.861062966697489e-06
0.0 6.679553364403905e-06
0.0 6.4980437621103205e-06
0.0 6.280232239358019e-06
0.0 6.098722637064435e-06
0.0 5.953514955229568e-06
0.0 5.772005352935983e-06
0.0 5.590495750642398e-06
0.0 5.445288068807531e-06
0.0 5.263778466513947e-06
0.0 5.118570784679079e-06
0.0 4.973363102844212e-06
0.0 4.828155421009344e-06
0.0 4.682947739174477e-06
0.0 4.537740057339609e-06
0.0 4.428834295963459e-06
0.0 4.283626614128592e-06
0.0 4.17472085275244e-06
0.0 4.06581509137629e-06
0.0 3.920607409541423e-06
0.0 3.8117016481652717e-06
0.0 3.7027958867891214e-06
0.0 3.5938901254129706e-06
0.0 3.4849843640368202e-06
0.0 3.3760786026606694e-06
0.0 3.3034747617432355e-06
0.0 3.194569000367085e-06
0.0 3.121965159449651e-06
0.0 3.0130593980735008e-06
0.0 2.9404555571560668e-06
0.0 2.8315497957799164e-06
0.0 2.7589459548624824e-06
0.0 2.686342113945049e-06
0.0 2.613738273027615e-06
0.0 2.5411344321101813e-06
0.0 2.4685305911927477e-06
0.0 2.3959267502753137e-06
0.0 2.32332290935788e-06
0.0 2.250719068440446e-06
0.0 2.1781152275230126e-06
0.0 2.1055113866055786e-06
0.0 2.069209466146862e-06
0.0 1.9966056252294282e-06
0.0 1.9240017843119942e-06
0.0 1.8876998638532775e-06
0.0 1.8150960229358437e-06
0.0 1.778794102477127e-06
0.0 1.7061902615596931e-06
0.0 1.6698883411009763e-06
0.0 1.6335864206422593e-06
0.0 1.5609825797248256e-06
0.0 1.5246806592661088e-06
0.0 1.488378738807392e-06
0.0 1.452076818348675e-06
0.0 1.3794729774312412e-06
0.0 1.3431710569725244e-06
0.0 1.3068691365138074e-06
0.0 1.2705672160550906e-06
0.0 1.2342652955963739e-06
0.0 1.1979633751376569e-06
0.0 1.16166145467894e-06
0.0 1.125359534220223e-06
0.0 1.0890576137615063e-06
0.0 1.0527556933027893e-06
0.0 1.0164537728440725e-06
0.0 9.801518523853557e-07
0.0 9.438499319266387e-07
0.0 9.075480114679218e-07
0.0 8.712460910092051e-07
0.0 8.349441705504882e-07
0.0 7.986422500917713e-07
0.0 7.623403296330544e-07
0.0 7.260384091743375e-07
0.0 6.897364887156206e-07
0.0 6.534345682569037e-07
0.0 6.171326477981869e-07
0.0 5.8083072733947e-07
0.0 5.445288068807531e-07
0.0 5.082268864220363e-07
0.0 4.7192496596331937e-07
0.0 4.3562304550460253e-07
0.0 3.9932112504588564e-07
0.0 3.6301920458716875e-07
0.0 3.2671728412845186e-07
0.0 2.90415363669735e-07
0.0 2.5411344321101813e-07
0.0 2.1781152275230126e-07
0.0 1.8150960229358437e-07
0.0 1.452076818348675e-07
0.0 1.0890576137615063e-07
0.0 7.260384091743375e-08
0.0 3.630192045871688e-08
0.0 0.0
