1.0 0.9999999636980795
0.9988567073170732 0.971220999121784
0.9988567073170732 0.9432699361434699
0.9988567073170732 0.9161231059109981
0.9988567073170732 0.8897573841010367
0.9988567073170732 0.8641503361267419
0.9986661585365854 0.8392801082319977
0.9984756097560976 0.8151254637933358
0.9975228658536586 0.7916660011314582
0.997141768292683 0.7688814274728287
0.9961890243902439 0.7467526480072859
0.9944740853658537 0.7252606405285095
0.9929496951219512 0.7043871088685882
0.9897103658536586 0.6841144465960997
0.987233231707317 0.6644250109777008
0.9851371951219512 0.6453020305261397
0.9817073170731707 0.6267295323964146
0.9771341463414634 0.6086917615550465
0.9721798780487805 0.5911730355723971
0.9676067073170732 0.5741583254533965
0.9624618902439024 0.557633328241384
0.955983231707317 0.5415841766027443
0.9517911585365854 0.525996349769294
0.9456935975609756 0.5108574324842362
0.9380716463414634 0.4961544649619672
0.9302591463414634 0.4818745963226445
0.9205411585365854 0.4680060647440395
0.9100609756097561 0.4545367090827986
0.9018673780487805 0.4414546223090112
0.8898628048780488 0.4287496761868695
0.8744283536585366 0.41641098014023575
0.8633765243902439 0.40442666344112005
0.8498475609756098 0.3927876506094076
0.8380335365853658 0.3814833051824041
0.8233612804878049 0.37050476949151756
0.8060213414634146 0.35984282284895147
0.7894435975609756 0.34948755483042065
0.7772484756097561 0.33942952693660583
0.7652439024390244 0.3296608979526878
0.7530487804878049 0.3201734636446431
0.7404725609756098 0.31095912868420933
0.727515243902439 0.30201012446040826
0.715891768292683 0.2933184282488186
0.7075076219512195 0.2848762351365417
0.6966463414634146 0.27667748270286097
0.6859756097560976 0.2687146201483209
0.6774009146341463 0.2609806049003527
0.6713033536585366 0.2534687211036713
0.6648246951219512 0.2461730152433216
0.6558689024390244 0.23908778791779153
0.6495807926829268 0.23220592395067122
0.6419588414634146 0.22552237737501685
0.6366234756097561 0.21903079535474818
0.6309070121951219 0.21272609562100098
0.6272865853658537 0.20660239726266094
0.6246189024390244 0.2006547632185457
0.6204268292682927 0.1948785468428365
0.6145198170731707 0.18926891998011236
0.610327743902439 0.18382036473846353
0.6072789634146342 0.17852837967975316
0.6028963414634146 0.17338900789465125
0.5990853658536586 0.1683973849258163
0.5952743902439024 0.1635494086562365
0.5922256097560976 0.15884079545929772
0.588795731707317 0.15426776993527222
0.5859375 0.14982619366522776
0.5807926829268293 0.14551294468400486
0.5777439024390244 0.14132341264770526
0.573170731707317 0.13725469340269228
0.5699314024390244 0.13330286634155636
0.5657393292682927 0.12946491840489943
0.5630716463414634 0.12573711049491423
0.5584984756097561 0.12211701038293009
0.5546875 0.11860087897113969
0.5506859756097561 0.11518606621934956
0.5482088414634146 0.1118691597470366
0.5445884146341463 0.10864794513705282
0.5405868902439024 0.10551951823576151
0.5358231707317073 0.10248126530488967
0.5323932926829268 0.09953024588888011
0.5295350609756098 0.09666399145714166
0.5266768292682927 0.09388021498868541
0.5221036585365854 0.09117699248172706
0.5192454268292683 0.0885511656691867
0.5142911585365854 0.08600131877616643
0.5102896341463414 0.08352469285671138
0.5053353658536586 0.0811195091167191
0.5013338414634146 0.07878340793135975
0.49809451219512196 0.07651435639308765
0.49447408536585363 0.07431075721740261
0.49104420731707316 0.07217050489291804
0.4868521341463415 0.07009200213513375
0.4811356707317073 0.0680736153576291
0.47884908536585363 0.06611265821829013
0.47503810975609756 0.0642084772825486
0.4716082317073171 0.06235900334093834
0.4691310975609756 0.06056260280703874
0.4649390243902439 0.058818222925156476
0.4615091463414634 0.05712390339158678
0.4578887195121951 0.05547837363911361
0.45445884146341464 0.053880217892839054
0.45102896341463417 0.0523280566797857
0.4456935975609756 0.05082090984810115
0.4418826219512195 0.0493568533960011
0.43902439024390244 0.04793483456779224
0.4340701219512195 0.04655409102314494
0.43197408536585363 0.04521258985451352
0.42835365853658536 0.043909968042693384
0.4260670731707317 0.04264462830318435
0.42378048780487804 0.041415663087974945
0.42092225609756095 0.04022220115097417
0.4169207317073171 0.03906333494417055
0.41501524390243905 0.03793735827730253
0.41196646341463417 0.03684412594268827
0.40796493902439024 0.0357824762788731
0.40434451219512196 0.034751320228243246
0.3988185975609756 0.033750258469673666
0.3951981707317073 0.032777584812902806
0.39157774390243905 0.03183300884256699
0.3871951219512195 0.030915731916416136
0.38433689024390244 0.030024592372995554
0.38147865853658536 0.029159118287339286
0.3774771341463415 0.028318765130640446
0.37385670731707316 0.02750255275104666
0.3711890243902439 0.02670968250630782
0.36871189024390244 0.0259395735656966
0.36528201219512196 0.025191826608087952
0.3622332317073171 0.024465534085470402
0.35804115853658536 0.023760405582480288
0.3557545731707317 0.023075206833822005
0.35251524390243905 0.022409901537575102
0.3481326219512195 0.02176398146685315
0.34527439024390244 0.021136393865962853
0.34222560975609756 0.02052692092338146
0.3387957317073171 0.019935054412222538
0.3357469512195122 0.019360177199838298
0.3321265243902439 0.01880196256894461
0.33022103658536583 0.018259502971530003
0.32660060975609756 0.017732979917196773
0.3241234756097561 0.017221413254092533
0.3199314024390244 0.01672491188797866
0.3174542682926829 0.016242386761241397
0.31402439024390244 0.015773946779642115
0.3121189024390244 0.015318720697089805
0.3084984756097561 0.014876926325107221
0.3048780487804878 0.014447837625285188
0.3008765243902439 0.014031200484180495
0.2974466463414634 0.013626506674906719
0.2932545731707317 0.013233574687861568
0.2886814024390244 0.012852077805760911
0.2842987804878049 0.01248150780171833
0.2810594512195122 0.012121392750767858
0.2780106707317073 0.011771696350989038
0.2734375 0.011432309696620494
0.2705792682926829 0.011102434145412135
0.2663871951219512 0.01078228750888671
0.26448170731707316 0.010470925937112295
0.2616234756097561 0.010168748751213937
0.25666920731707316 0.009875647045430256
0.25152439024390244 0.009591076290954374
0.24847560975609756 0.0093142378455362
0.24466463414634146 0.009045603634141695
0.24009146341463414 0.008784919543327649
0.23589939024390244 0.008531604742366722
0.23285060975609756 0.008285405117815704
0.22827743902439024 0.008046611085038265
0.22332317073170732 0.00781475071906844
0.2189405487804878 0.007589533604542561
0.21589176829268292 0.007370524118415122
0.21208079268292682 0.007157976374129335
0.20636432926829268 0.006951962975526116
0.2033155487804878 0.006751322261150788
0.20007621951219512 0.006556598759810231
0.19607469512195122 0.006367610961902151
0.19264481707317074 0.0061839595463015025
0.18845274390243902 0.00600578972069012
0.18578506097560976 0.005832448050499746
0.18197408536585366 0.005664333856855429
0.17873475609756098 0.005500975214791203
0.1760670731707317 0.005342190614704775
0.17282774390243902 0.005188125264277981
0.1682545731707317 0.00503877916351082
0.1642530487804878 0.00489364408551687
0.16120426829268292 0.004752502218773378
0.15815548780487804 0.004615462469041722
0.15358231707317074 0.004482670044003736
0.14977134146341464 0.00435354411293208
0.14615091463414634 0.004228157279667672
0.14348323170731708 0.0041062191288468415
0.1410060975609756 0.00398772966046959
0.1370045731707317 0.003872979289899586
0.13395579268292682 0.0037613871864094904
0.13071646341463414 0.0036530259538402206
0.1286204268292683 0.0035476051768281065
0.12614329268292682 0.003445270063054984
0.12366615853658537 0.0033459480086799344
0.12042682926829268 0.0032496027117825
0.1169969512195122 0.0031560889646808452
0.11509146341463415 0.0030650074462499244
0.11185213414634146 0.0029767937795352425
0.11051829268292683 0.0028907582280480837
0.10861280487804878 0.002807300112913493
0.10651676829268293 0.0027263831322110136
0.10365853658536585 0.0026478983801792675
0.10080030487804878 0.0025716280452955033
0.09889481707317073 0.0024974995237188034
0.09698932926829268 0.0024254402116082505
0.09451219512195122 0.002355595316645679
0.09203506097560976 0.0022877833292287964
0.09089176829268293 0.002221641230153014
0.08765243902439024 0.0021578587559070487
0.08498475609756098 0.0020957824719226425
0.08098323170731707 0.002035775397404384
0.07926829268292683 0.0019770751920226383
0.0783155487804878 0.001919935969220618
0.07660060975609756 0.0018645755405210748
0.07564786585365854 0.001810703490560339
0.07374237804878049 0.001758537630861163
0.07126524390243902 0.001708005357582629
0.06993140243902439 0.0016587436515201502
0.06821646341463415 0.00161093402227602
0.06573932926829268 0.0015646853756116148
0.06478658536585366 0.0015194894846405124
0.06307164634146341 0.0014757456704877585
0.06173780487804878 0.0014331635177896834
0.0586890243902439 0.0013921786495917922
0.05697408536585366 0.0013521376313258276
0.05506859756097561 0.0013132582745145416
0.054115853658536585 0.0012753590695556412
0.05316310975609756 0.0012385489222105023
0.052972560975609755 0.0012026463228768313
0.05201981707317073 0.001167941686918298
0.05125762195121951 0.0011341809008916914
0.051067073170731704 0.0011013276628765525
0.049352134146341466 0.0010696723882365514
0.04839939024390244 0.001038815755846642
0.04725609756097561 0.0010088666714682007
0.04611280487804878 0.0009797888331807684
0.04496951219512195 0.0009515822409843454
0.04420731707317073 0.000924065385276638
0.043254573170731704 0.0008974197756599399
0.0430640243902439 0.0008713912986910399
0.0428734756097561 0.0008461251620517729
0.04249237804878049 0.0008216213657421391
0.041539634146341466 0.0007979162116825969
0.040777439024390245 0.0007749007941117704
0.039253048780487805 0.000752647716870577
0.03830030487804878 0.000730975470356723
0.03715701219512195 0.0007099566584111259
0.03639481707317073 0.0006894460733519508
0.03467987804878049 0.0006697341305428676
0.03353658536585366 0.0006504941126997477
0.03277439024390244 0.000631726019822591
0.03163109756097561 0.0006136113615136914
0.03048780487804878 0.0005960049300912137
0.028582317073170733 0.0005790156313165342
0.026676829268292682 0.0005625708613487354
0.025914634146341462 0.0005463802048241477
0.025533536585365852 0.0005305888694246059
0.025152439024390245 0.0005152694589910273
0.02458079268292683 0.0005004219735234121
0.02381859756097561 0.00048601011110130154
0.02381859756097561 0.00047188866404286063
0.023628048780487805 0.00045823914195038313
0.022865853658536585 0.00044506154482386887
0.02267530487804878 0.0004321743630610244
0.022484756097560975 0.0004196502005027671
0.022103658536585365 0.00040752535906955566
0.02153201219512195 0.0003957635368409314
0.021150914634146343 0.0003843284318964356
0.020388719512195123 0.00037329264807698563
0.019817073170731708 0.00036254727962120543
0.019245426829268292 0.0003521286284495537
0.018292682926829267 0.0003420729964824891
0.017911585365853657 0.0003321988741177181
0.01753048780487805 0.0003226151671166169
0.01714939024390244 0.0003133218754791853
0.01676829268292683 0.00030428269728496486
0.016577743902439025 0.00029546133061349666
0.016196646341463415 0.0002869303793056982
0.015625 0.0002786898433615694
0.015625 0.0002705945150992756
0.015434451219512195 0.00026275330028019276
0.015053353658536585 0.00025516619890432094
0.015053353658536585 0.0002477606071307427
0.014672256097560975 0.00024060912880037545
0.014481707317073171 0.0002336391600723018
0.014100609756097561 0.00022692330478743918
0.013910060975609756 0.00022035265718441143
0.013147865853658536 0.00021407242494505342
0.012766768292682926 0.00020790109846707155
0.012576219512195123 0.00020191128159138325
0.012004573170731708 0.00019613927623844728
0.011432926829268292 0.00019051247856734617
0.011432926829268292 0.0001849945866576212
0.011432926829268292 0.0001795856005092724
0.011051829268292682 0.00017443072780413458
0.010480182926829269 0.00016945736470129038
0.010099085365853659 0.0001645929073598223
0.009717987804878049 0.00015987365770018912
0.009717987804878049 0.00015522701188147337
0.009717987804878049 0.00015068927182413375
0.008955792682926829 0.0001464782490509226
0.00857469512195122 0.00014226722627771142
0.008003048780487805 0.00013823771310679387
0.008003048780487805 0.00013420819993587629
0.008003048780487805 0.00013032389444679357
0.007621951219512195 0.00012658479663954573
0.00743140243902439 0.00012291830267321534
0.006859756097560976 0.00011946962022963724
0.006669207317073171 0.00011602093778605914
0.006669207317073171 0.00011264485918339846
0.0064786585365853655 0.00010941398826257267
0.006288109756097561 0.00010625572118266429
0.005907012195121951 0.00010324266178459079
0.005907012195121951 0.00010022960238651729
0.005716463414634146 9.736175067027866e-05
0.005716463414634146 9.453020087449875e-05
0.005335365853658537 9.18438587605537e-05
0.005144817073170732 8.919381856706736e-05
0.004382621951219513 8.676158989633334e-05
0.0040015243902439025 8.429305930514058e-05
0.0040015243902439025 8.186083063440656e-05
0.0038109756097560975 7.950120580458996e-05
0.003620426829268293 7.725048673614951e-05
0.003620426829268293 7.499976766770907e-05
0.003620426829268293 7.282165244018605e-05
0.003429878048780488 7.07524429740392e-05
0.003429878048780488 6.868323350789232e-05
0.003048780487804878 6.675923172358034e-05
0.0026676829268292685 6.490783378018577e-05
0.0026676829268292685 6.30201339163325e-05
0.0022865853658536584 6.124133981385536e-05
0.0022865853658536584 5.946254571137824e-05
0.0022865853658536584 5.7756355449818546e-05
0.002096036585365854 5.6122769029176286e-05
0.002096036585365854 5.448918260853403e-05
0.002096036585365854 5.2891898108350485e-05
0.0019054878048780487 5.1403519369543096e-05
0.0019054878048780487 4.991514063073571e-05
0.0019054878048780487 4.846306381238703e-05
0.0019054878048780487 4.704728891449707e-05
0.0019054878048780487 4.570411785752454e-05
0.0019054878048780487 4.4360946800552024e-05
0.0019054878048780487 4.309037958449693e-05
0.001524390243902439 4.189241620935927e-05
0.0013338414634146342 4.0730754754680336e-05
0.0013338414634146342 3.9532791379542674e-05
0.0013338414634146342 3.8407431845322455e-05
0.0013338414634146342 3.728207231110223e-05
0.0013338414634146342 3.619301469734073e-05
0.0013338414634146342 3.5140259004037936e-05
0.0013338414634146342 3.412380523119386e-05
0.0013338414634146342 3.3143653378808507e-05
0.0013338414634146342 3.219980344688187e-05
0.0013338414634146342 3.125595351495523e-05
0.0011432926829268292 3.0384707423946024e-05
0.0011432926829268292 2.9513461332936818e-05
0.0011432926829268292 2.8642215241927615e-05
0.0011432926829268292 2.7807271071377127e-05
0.0011432926829268292 2.7008628821285356e-05
0.0011432926829268292 2.6209986571193585e-05
0.0011432926829268292 2.5447646241560528e-05
0.0011432926829268292 2.4721607832386192e-05
0.0011432926829268292 2.3995569423211853e-05
0.0011432926829268292 2.3305832934496235e-05
0.0009527439024390244 2.265239836623933e-05
0.0009527439024390244 2.1998963797982427e-05
0.0009527439024390244 2.1345529229725524e-05
0.0009527439024390244 2.0728396581927337e-05
0.0009527439024390244 2.0147565854587865e-05
0.0009527439024390244 1.9566735127248397e-05
0.0009527439024390244 1.8985904399908925e-05
0.0009527439024390244 1.8441375593028174e-05
0.0009527439024390244 1.789684678614742e-05
0.0009527439024390244 1.7388619899725383e-05
0.0009527439024390244 1.6880393013303346e-05
0.0009527439024390244 1.637216612688131e-05
0.0007621951219512195 1.5936543081376708e-05
0.0007621951219512195 1.546461811541339e-05
0.0005716463414634146 1.5065296990367504e-05
0.0005716463414634146 1.46296739448629e-05
0.0005716463414634146 1.4194050899358298e-05
0.0005716463414634146 1.3794729774312412e-05
0.0005716463414634146 1.3395408649266527e-05
0.0005716463414634146 1.2996087524220641e-05
0.0005716463414634146 1.2596766399174756e-05
0.0005716463414634146 1.2233747194587588e-05
0.0005716463414634146 1.1907029910459136e-05
0.00038109756097560977 1.1580312626330684e-05
0.00038109756097560977 1.1253595342202232e-05
0.00038109756097560977 1.092687805807378e-05
0.00038109756097560977 1.0600160773945328e-05
0.00038109756097560977 1.0273443489816876e-05
0.00038109756097560977 9.98302812614714e-06
0.00038109756097560977 9.692612762477406e-06
0.00038109756097560977 9.40219739880767e-06
0.00038109756097560977 9.148083955596652e-06
0.00038109756097560977 8.893970512385635e-06
0.00019054878048780488 8.639857069174617e-06
0.00019054878048780488 8.422045546422314e-06
0.0 8.204234023670014e-06
0.0 7.950120580458995e-06
0.0 7.732309057706695e-06
0.0 7.514497534954393e-06
0.0 7.2966860122020915e-06
0.0 7.078874489449791e-06
0.0 6.861062966697489e-06
0.0 6.679553364403905e-06
0.0 6.4980437621103205e-06
0.0 6.280232239358019e-06
0.0 6.098722637064435e-06
0.0 5.953514955229568e-06
0.0 5.772005352935983e-06
0.0 5.590495750642398e-06
0.0 5.445288068807531e-06
0.0 5.263778466513947e-06
0.0 5.118570784679079e-06
0.0 4.973363102844212e-06
0.0 4.828155421009344e-06
0.0 4.682947739174477e-06
0.0 4.537740057339609e-06
0.0 4.428834295963459e-06
0.0 4.283626614128592e-06
0.0 4.17472085275244e-06
0.0 4.06581509137629e-06
0.0 3.920607409541423e-06
0.0 3.8117016481652717e-06
0.0 3.7027958867891214e-06
0.0 3.5938901254129706e-06
0.0 3.4849843640368202e-06
0.0 3.3760786026606694e-06
0.0 3.3034747617432355e-06
0.0 3.194569000367085e-06
0.0 3.121965159449651e-06
0.0 3.0130593980735008e-06
0.0 2.9404555571560668e-06
0.0 2.8315497957799164e-06
0.0 2.7589459548624824e-06
0.0 2.686342113945049e-06
0.0 2.613738273027615e-06
0.0 2.5411344321101813e-06
0.0 2.4685305911927477e-06
0.0 2.3959267502753137e-06
0.0 2.32332290935788e-06
0.0 2.250719068440446e-06
0.0 2.1781152275230126e-06
0.0 2.1055113866055786e-06
0.0 2.069209466146862e-06
0.0 1.9966056252294282e-06
0.0 1.9240017843119942e-06
0.0 1.8876998638532775e-06
0.0 1.8150960229358437e-06
0.0 1.778794102477127e-06
0.0 1.7061902615596931e-06
0.0 1.6698883411009763e-06
0.0 1.6335864206422593e-06
0.0 1.5609825797248256e-06
0.0 1.5246806592661088e-06
0.0 1.488378738807392e-06
0.0 1.452076818348675e-06
0.0 1.3794729774312412e-06
0.0 1.3431710569725244e-06
0.0 1.3068691365138074e-06
0.0 1.2705672160550906e-06
0.0 1.2342652955963739e-06
0.0 1.1979633751376569e-06
0.0 1.16166145467894e-06
0.0 1.125359534220223e-06
0.0 1.0890576137615063e-06
0.0 1.0527556933027893e-06
0.0 1.0164537728440725e-06
0.0 9.801518523853557e-07
0.0 9.438499319266387e-07
0.0 9.075480114679218e-07
0.0 8.712460910092051e-07
0.0 8.349441705504882e-07
0.0 7.986422500917713e-07
0.0 7.623403296330544e-07
0.0 7.260384091743375e-07
0.0 6.897364887156206e-07
0.0 6.534345682569037e-07
0.0 6.171326477981869e-07
0.0 5.8083072733947e-07
0.0 5.445288068807531e-07
0.0 5.082268864220363e-07
0.0 4.7192496596331937e-07
0.0 4.3562304550460253e-07
0.0 3.9932112504588564e-07
0.0 3.6301920458716875e-07
0.0 3.2671728412845186e-07
0.0 2.90415363669735e-07
0.0 2.5411344321101813e-07
0.0 2.1781152275230126e-07
0.0 1.8150960229358437e-07
0.0 1.452076818348675e-07
0.0 1.0890576137615063e-07
0.0 7.260384091743375e-08
0.0 3.630192045871688e-08
0.0 0.0
