1.0 0.9856130419399614
1.0 0.9856066915240091
1.0 0.9855999419390542
1.0 0.9855937729635577
1.0 0.9855868782262381
1.0 0.9855798383365539
1.0 0.9855725444302316
1.0 0.9855657948452766
1.0 0.9855586823794101
1.0 0.985552114234911
1.0 0.9855447114643152
1.0 0.9855373449818106
1.0 0.9855296881945768
1.0 0.9855225394406191
1.0 0.9855155358390261
1.0 0.9855086773897976
1.0 0.9855011294668372
1.0 0.9854943798818823
1.0 0.9854859973328253
1.0 0.9854788485788676
1.0 0.9854715546725453
1.0 0.9854645147828611
1.0 0.9854581643669089
1.0 0.9854514873581363
1.0 0.9854445200446343
1.0 0.9854372261383121
1.0 0.9854302588248102
1.0 0.9854237269684022
1.0 0.9854155621478922
1.0 0.9854079779368405
1.0 0.9854001034210598
1.0 0.9853919748886409
1.0 0.985384753558501
1.0 0.9853769516189025
1.0 0.9853697665768536
1.0 0.9853607308421559
1.0 0.9853526748859193
1.0 0.9853442923368624
1.0 0.9853363089568081
1.0 0.9853283255767539
1.0 0.9853207413657024
1.0 0.9853115967667311
1.0 0.9853024521677598
1.0 0.985294323635341
1.0 0.9852856144934636
1.0 0.9852771956563154
1.0 0.9852678696168885
1.0 0.9852604305582016
1.0 0.985251685128233
1.0 0.9852421776483502
1.0 0.9852325250161028
1.0 0.985223235264767
1.0 0.9852144898347984
1.0 0.9852053815239183
1.0 0.9851967086701322
1.0 0.9851872011902494
1.0 0.9851783831840986
1.0 0.9851697103303123
1.0 0.9851611463407997
1.0 0.9851527637917427
1.0 0.9851431111594953
1.0 0.9851330956463362
1.0 0.985123007556995
1.0 0.985114407279391
1.0 0.9851047546471436
1.0 0.9850956463362636
1.0 0.9850859574159251
1.0 0.9850773934264123
1.0 0.9850678496584383
1.0 0.9850583421785556
1.0 0.9850485081058523
1.0 0.9850378031189614
1.0 0.9850280053343494
1.0 0.9850192599043809
1.0 0.9850095709840423
1.0 0.9849991563018806
1.0 0.9849895399577244
1.0 0.9849795970207477
1.0 0.9849690371862214
1.0 0.9849584773516951
1.0 0.9849483166861716
1.0 0.9849374302588249
1.0 0.9849276324742128
1.0 0.9849167823349573
1.0 0.9849065128051602
1.0 0.9848954812254488
1.0 0.984885502000381
1.0 0.984875958232407
1.0 0.9848650718050603
1.0 0.9848553828847219
1.0 0.9848442787288282
1.0 0.984833755182393
1.0 0.9848235945168694
1.0 0.9848125266490669
1.0 0.9848010959003529
1.0 0.9847909352348293
1.0 0.9847802665360296
1.0 0.9847693438205917
1.0 0.9847576590552396
1.0 0.984747062932622
1.0 0.9847357773362727
1.0 0.9847252900779286
1.0 0.9847140044815793
1.0 0.9847030817661414
1.0 0.9846928485244355
1.0 0.9846809460305365
1.0 0.9846684266390877
1.0 0.9846574676355587
1.0 0.9846448756679277
1.0 0.984633299766849
1.0 0.9846205263587622
1.0 0.9846087327291366
1.0 0.9845966850828729
1.0 0.9845855446388881
1.0 0.9845733155521686
1.0 0.9845604695678996
1.0 0.9845481679049978
1.0 0.984536337987281
1.0 0.9845251975432963
1.0 0.9845133313374883
1.0 0.9845012474031335
1.0 0.9844881474022262
1.0 0.9844754102822306
1.0 0.9844644149906104
1.0 0.9844518593110706
1.0 0.9844395576481688
1.0 0.9844259496139854
1.0 0.9844136116629925
1.0 0.9843997859002622
1.0 0.9843866133231727
1.0 0.9843739124912682
1.0 0.9843616108283664
1.0 0.9843490914369177
1.0 0.984336789774016
1.0 0.9843225648422829
1.0 0.984308593927188
1.0 0.984295094757278
1.0 0.9842831559752878
1.0 0.9842686770269167
1.0 0.984254778688004
1.0 0.9842417512632792
1.0 0.9842269820101788
1.0 0.9842127570784458
1.0 0.9841979878253454
1.0 0.9841843435030708
1.0 0.9841696468261528
1.0 0.9841561476562429
1.0 0.9841416687078718
1.0 0.9841260285405837
1.0 0.9841118036088506
1.0 0.9840976149652088
1.0 0.9840835351858404
1.0 0.9840688747970134
1.0 0.984054541001007
1.0 0.9840399894764535
1.0 0.9840251476471709
1.0 0.9840107049868909
1.0 0.9839949559553294
1.0 0.9839802229903202
1.0 0.9839655626014933
1.0 0.9839501764508433
1.0 0.983934971740649
1.0 0.9839193678614521
1.0 0.9839042720155313
1.0 0.9838889584410636
1.0 0.9838737900189606
1.0 0.9838576781064874
1.0 0.9838420379391993
1.0 0.9838274138384636
1.0 0.9838107938927143
1.0 0.98379464569215
1.0 0.9837780620344918
1.0 0.9837604623102814
1.0 0.9837448584310844
1.0 0.9837296537208902
1.0 0.9837131063513231
1.0 0.9836962323889358
1.0 0.9836777617505376
1.0 0.9836605974834208
1.0 0.983644775875677
1.0 0.9836268858467373
1.0 0.9836100844605322
1.0 0.9835919041268631
1.0 0.9835738689455588
1.0 0.9835554708833428
1.0 0.9835377622948589
1.0 0.983519364232643
1.0 0.9835029257273494
1.0 0.9834855074435948
1.0 0.9834664561957379
1.0 0.9834474412359724
1.0 0.9834281722595687
1.0 0.9834096290449882
1.0 0.9833918115922308
1.0 0.9833742118680202
1.0 0.983355269484437
1.0 0.9833376334721353
1.0 0.9833187636647344
1.0 0.9833003293144272
1.0 0.983282330421214
1.0 0.9832646581208212
1.0 0.9832451351277794
1.0 0.9832254306942819
1.0 0.9832063794464252
1.0 0.98318674758911
1.0 0.9831666076985185
1.0 0.9831458509103775
1.0 0.9831268722387031
1.0 0.9831078209908464
1.0 0.9830872456431611
1.0 0.9830663799907465
1.0 0.9830452240336027
1.0 0.9830249752787379
1.0 0.9830057788785166
1.0 0.9829850583784666
1.0 0.9829653902330603
1.0 0.9829432907855464
1.0 0.982922207404585
1.0 0.9829013417521705
1.0 0.9828808752687587
1.0 0.9828591024140653
1.0 0.9828381278973772
1.0 0.9828173348211451
1.0 0.9827959611354544
1.0 0.9827755672282249
1.0 0.9827550281686308
1.0 0.9827337633472135
1.0 0.9827109018497855
1.0 0.9826868791334404
1.0 0.9826631104337334
1.0 0.9826381805151094
1.0 0.982616407660416
1.0 0.9825953968556369
1.0 0.9825714467154741
1.0 0.982550218182148
1.0 0.9825282638869989
1.0 0.9825045677634742
1.0 0.9824815974017727
1.0 0.9824608043255405
1.0 0.9824363824401927
1.0 0.9824130129094885
1.0 0.982387974126591
1.0 0.982365584374348
1.0 0.9823405818795417
1.0 0.9823157245371
1.0 0.9822931896324923
1.0 0.9822678605448657
1.0 0.9822424588810567
1.0 0.9822166943363362
1.0 0.9821943045840931
1.0 0.9821678868537318
1.0 0.982143247239837
1.0 0.9821195148282212
1.0 0.9820948752143266
1.0 0.9820704533289788
1.0 0.9820449428008963
1.0 0.9820200854584547
1.0 0.9819924339329941
1.0 0.9819663790835442
1.0 0.9819407959792795
1.0 0.9819139065037331
1.0 0.9818876702138276
1.0 0.981860962178737
1.0 0.9818338186865525
1.0 0.9818081992941966
1.0 0.9817812009543768
1.0 0.9817545654954686
1.0 0.9817265148010051
1.0 0.9817003510872819
1.0 0.9816714294786308
1.0 0.9816444311388111
1.0 0.98161645302053
1.0 0.9815891280878898
1.0 0.9815616217147938
1.0 0.9815336435965127
1.0 0.9815049397164086
1.0 0.9814769978862187
1.0 0.9814481851418411
1.0 0.9814196264141015
1.0 0.9813911039744532
1.0 0.9813614928920702
1.0 0.9813339139427918
1.0 0.981303431946221
1.0 0.9812734579829264
1.0 0.9812419599198033
1.0 0.9812128931587876
1.0 0.9811842981429569
1.0 0.9811516388609168
1.0 0.9811191610193325
1.0 0.981088279853759
1.0 0.9810569269430005
1.0 0.9810252111513305
1.0 0.9809934953596603
1.0 0.9809622876012665
1.0 0.9809296283192264
1.0 0.9808973319180978
1.0 0.9808646726360577
1.0 0.9808313964564679
1.0 0.9807962695842292
1.0 0.9807646626568326
1.0 0.9807328380008891
1.0 0.9807004690235782
1.0 0.9806666485226211
1.0 0.980632828021664
1.0 0.9805973019804226
1.0 0.9805638080722858
1.0 0.9805292255214145
1.0 0.9804965662393744
1.0 0.9804633263478758
1.0 0.9804293244064629
1.0 0.9803956490578705
1.0 0.9803607036260875
1.0 0.9803261573633073
1.0 0.9802908127625216
1.0 0.9802556133141006
1.0 0.9802211759155939
1.0 0.9801836540293389
1.0 0.9801465676001778
1.0 0.9801089368496494
1.0 0.9800713786753033
1.0 0.9800341833818687
1.0 0.9799965889194313
1.0 0.979960373404458
1.0 0.9799238312966643
1.0 0.9798840595487576
1.0 0.9798450498507653
1.0 0.9798072013716899
1.0 0.979769933502073
1.0 0.9797302343303487
1.0 0.9796918052418148
1.0 0.9796529044080958
1.0 0.97961378584583
1.0 0.9795738689455588
1.0 0.979535693873663
1.0 0.9794935996879224
1.0 0.9794546988542036
1.0 0.9794114797376371
1.0 0.9793683694853441
1.0 0.9793272550780647
1.0 0.979285596349418
1.0 0.9792441916374094
1.0 0.9792015168422104
1.0 0.9791605838753867
1.0 0.9791180179444611
1.0 0.9790738190494335
1.0 0.9790288943925827
1.0 0.9789856389879251
1.0 0.9789438351069137
1.0 0.9788990556024276
1.0 0.9788564896715021
1.0 0.9788106578123724
1.0 0.9787645356485135
1.0 0.9787167805205527
1.0 0.9786697874425061
1.0 0.9786250442261111
1.0 0.9785791397907991
1.0 0.9785320015603879
1.0 0.9784859519727114
1.0 0.9784396120803055
1.0 0.9783923649856209
1.0 0.9783447187219334
1.0 0.9782945685799562
1.0 0.9782468497400866
1.0 0.9781994212049461
1.0 0.9781526095673553
1.0 0.9781040198132978
1.0 0.9780570630233423
1.0 0.9780058242386305
1.0 0.9779550934871949
1.0 0.9779019677217429
1.0 0.977849313701476
1.0 0.9778014134211506
1.0 0.9777499569078918
1.0 0.977697339175716
1.0 0.97764722532183
1.0 0.9775926480327318
1.0 0.9775409737909262
1.0 0.9774876665850185
1.0 0.97743464968384
1.0 0.97738032641138
1.0 0.9773283981529362
1.0 0.9772741837447496
1.0 0.9772192072866487
1.0 0.9771669887234756
1.0 0.9771095083870851
1.0 0.9770540601837991
1.0 0.9769983579638752
1.0 0.9769447604532383
1.0 0.9768881147429442
1.0 0.9768303441018243
1.0 0.9767707953442379
1.0 0.9767087427083617
1.0 0.976649629407869
1.0 0.9765934191546689
1.0 0.9765340155494471
1.0 0.9764765715011476
1.0 0.9764147728819095
1.0 0.9763562764789665
1.0 0.9762949133168223
1.0 0.976236344337697
1.0 0.97617363851618
1.0 0.9761129648277677
1.0 0.9760499687015214
1.0 0.9759874443204601
1.0 0.9759244844823051
1.0 0.9758630124558872
1.0 0.9757986373821771
1.0 0.9757316858539948
1.0 0.9756678188135609
1.0 0.9756035526041241
1.0 0.9755392501065963
1.0 0.9754722622903229
1.0 0.975407270319063
1.0 0.9753406816717923
1.0 0.9752743470411598
1.0 0.9752075406653421
1.0 0.9751401899681572
1.0 0.9750708797140498
1.0 0.9750032024240445
1.0 0.9749345453555779
1.0 0.9748623683422692
1.0 0.9747929129357973
1.0 0.9747211350914914
1.0 0.974647179961716
1.0 0.9745748215079516
1.0 0.9745011566829056
1.0 0.9744285079244119
1.0 0.9743565849277414
1.0 0.974284698219162
1.0 0.9742110333941159
1.0 0.9741338849123189
1.0 0.9740584419708063
1.0 0.9739846682814868
1.0 0.973909225339974
1.0 0.9738324034509974
1.0 0.9737553638334739
1.0 0.9736795942991409
1.0 0.9736023369530704
1.0 0.9735215233740667
1.0 0.9734418347258889
1.0 0.9733648313964565
1.0 0.9732836549365412
1.0 0.9732026599170817
1.0 0.973121846338078
1.0 0.9730384200165111
1.0 0.9729572072685047
1.0 0.9728721479828357
1.0 0.9727904634896443
1.0 0.9727070371680774
1.0 0.9726235745584193
1.0 0.9725397490678497
1.0 0.9724546172059985
1.0 0.9723647316042058
1.0 0.9722778942020702
1.0 0.9721915285451197
1.0 0.9721059975142657
1.0 0.9720143700840976
1.0 0.9719254279726751
1.0 0.9718352883542444
1.0 0.9717450398715402
1.0 0.9716550454054741
1.0 0.9715626196373005
1.0 0.9714714639523174
1.0 0.971379981674514
1.0 0.9712843988424099
1.0 0.9711871104700215
1.0 0.9710910921808236
1.0 0.9709960173819957
1.0 0.970898656433425
1.0 0.9708035090584147
1.0 0.9707047328742889
1.0 0.9706064284353483
1.0 0.9705073619464932
1.0 0.9704048843770695
1.0 0.9703035317384717
1.0 0.9702034854711555
1.0 0.9701002458518175
1.0 0.9699953006921953
1.0 0.9698930771394098
1.0 0.9697863538633209
1.0 0.9696810821108782
1.0 0.9695776610510846
1.0 0.9694735142294677
1.0 0.9693662829201027
1.0 0.9692545881755255
1.0 0.9691450344283264
1.0 0.9690356621215832
1.0 0.9689232053270918
1.0 0.9688133975632547
1.0 0.9687012310734925
1.0 0.9685856172150704
1.0 0.968469894492375
1.0 0.9683519219080279
1.0 0.9682350016783242
1.0 0.9681159041631513
1.0 0.967999528254815
1.0 0.9678786526231754
1.0 0.9677579947200827
1.0 0.9676356675647969
1.0 0.9675134492737846
1.0 0.9673891625615764
1.0 0.9672677788966606
1.0 0.9671466129602918
1.0 0.9670196046412468
1.0 0.966893757541119
1.0 0.9667634470057789
1.0 0.9666356766368197
1.0 0.966506853913217
1.0 0.966377958613432
1.0 0.9662434386595179
1.0 0.9661137087336363
1.0 0.9659811846247358
1.0 0.965846265501819
1.0 0.9657101125838028
1.0 0.9655755563417975
1.0 0.9654395848642372
1.0 0.9653026336082157
1.0 0.9651617995264404
1.0 0.9650203485471156
1.0 0.964877083163233
1.0 0.9647345072530822
1.0 0.9645938183236716
1.0 0.9644511698373386
1.0 0.9643034047301526
1.0 0.9641534986255885
1.0 0.9640123016629017
1.0 0.9638657340627239
1.0 0.9637172431937149
1.0 0.9635700586959874
1.0 0.963422402453075
1.0 0.9632699198940388
1.0 0.9631186348420108
1.0 0.9629630677952263
1.0 0.9628060855128868
1.0 0.9626535303776683
1.0 0.9624958586215968
1.0 0.9623422511317349
1.0 0.9621874098467735
1.0 0.9620294477859729
1.0 0.9618649901568552
1.0 0.9617016937466547
1.0 0.9615399940124649
1.0 0.9613728510646019
1.0 0.9612030590860844
1.0 0.9610305817888215
1.0 0.9608558183418157
1.0 0.960685736058569
1.0 0.9605126418637564
1.0 0.9603384590262091
1.0 0.9601612279890047
1.0 0.9599854847635377
1.0 0.9598094875214327
1.0 0.9596322201961371
1.0 0.9594529933139192
1.0 0.9592661822206497
1.0 0.9590810766676646
1.0 0.9588934672363897
1.0 0.9587049143147448
1.0 0.9585148010051802
1.0 0.9583229095791489
1.0 0.9581282602581898
1.0 0.957936695424979
1.0 0.9577396510900036
1.0 0.9575391956744596
1.0 0.9573417158823903
1.0 0.9571384662838273
1.0 0.9569348538043527
1.0 0.9567324751199775
1.0 0.9565306407569696
1.0 0.956321875368551
1.0 0.9561144889275962
1.0 0.9559051792178102
1.0 0.9556951800342922
1.0 0.9554829672772138
1.0 0.955270427927315
1.0 0.9550519736185578
1.0 0.9548339547668944
1.0 0.954617097134148
1.0 0.9543980259278412
1.0 0.9541757613695125
1.0 0.9539423200791081
1.0 0.9537163178473904
1.0 0.9534845458091791
1.0 0.9532523020257827
1.0 0.9530169374665469
1.0 0.9527874152899872
1.0 0.9525505629190141
1.0 0.952314654038411
1.0 0.9520730842155876
1.0 0.9518357600994294
1.0 0.9515912872293135
1.0 0.9513435121429025
1.0 0.951098894120422
1.0 0.9508456758203376
1.0 0.9505916228941567
1.0 0.9503376062560669
1.0 0.9500808680111404
1.0 0.9498237668853025
1.0 0.9495619483076142
1.0 0.9492973355469069
1.0 0.9490335574122962
1.0 0.948764989249653
1.0 0.9484932277349881
1.0 0.9482252401818033
1.0 0.9479510836531221
1.0 0.9476672382041024
1.0 0.9473920293207777
1.0 0.9471034664199076
1.0 0.9468162824665015
1.0 0.9465267397871704
1.0 0.9462377051411153
1.0 0.9459452594144917
1.0 0.9456469350171007
1.0 0.9453488646363479
1.0 0.9450477460559381
1.0 0.9447450670876085
1.0 0.9444381061245226
1.0 0.9441233432218382
1.0 0.943813987244736
1.0 0.9435048127080895
1.0 0.9431897232125848
1.0 0.9428708234675085
1.0 0.9425482223371345
1.0 0.9422243874116611
1.0 0.9418955447296083
1.0 0.9415638715764454
1.0 0.9412300937139955
1.0 0.9408981665441943
1.0 0.9405597075179852
1.0 0.9402138457211805
1.0 0.9398625407107023
1.0 0.9395087318219343
1.0 0.939162289415671
1.0 0.9388099683386405
1.0 0.9384438214988796
1.0 0.9380806502825935
1.0 0.9377204909778734
1.0 0.9373480662983426
1.0 0.9369743715356212
1.0 0.9365983543350661
1.0 0.9362237886581571
1.0 0.9358456304602237
1.0 0.9354600694916946
1.0 0.9350726578305165
1.0 0.9346819076649521
1.0 0.9342805976648614
1.0 0.9338804488836876
1.0 0.9334760543958487
1.0 0.9330726033983797
1.0 0.9326653421513394
1.0 0.932253363452449
1.0 0.9318361229803409
1.0 0.9314119514828221
1.0 0.9309844777690082
1.0 0.9305628464378702
1.0 0.9301299657984741
1.0 0.9296876865434686
1.0 0.9292529914995147
1.0 0.9288118734634261
1.0 0.9283578731549774
1.0 0.9279097515172958
1.0 0.9274503442832649
1.0 0.9269887234756734
1.0 0.9265282638869989
1.0 0.9260615264585544
1.0 0.9255899627139863
1.0 0.9251071133730688
1.0 0.9246206352230357
1.0 0.9241362254941985
1.0 0.9236438686733981
1.0 0.9231473024340238
1.0 0.9226434060002359
1.0 0.9221485453011458
1.0 0.9216366654873037
1.0 0.9211191973074236
1.0 0.9205969753876022
1.0 0.9200718141323971
1.0 0.9195355487212984
1.0 0.9189949650273521
1.0 0.9184497727458292
1.0 0.9178970688294369
1.0 0.9173506427528146
1.0 0.9167932939607544
1.0 0.9162249498770741
1.0 0.915655263134021
1.0 0.9150768309609993
1.0 0.9144941167932213
1.0 0.9139089350352448
1.0 0.91331972529915
1.0 0.9127201008808934
1.0 0.9121096626114725
1.0 0.9114984985802285
1.0 0.9108760126645438
1.0 0.9102528372751272
1.0 0.9096271580074209
1.0 0.908995745221312
1.0 0.908354280633953
1.0 0.9077131789275055
1.0 0.9070705894093206
1.0 0.9064148998902285
1.0 0.9057454934726796
1.0 0.9050741637862995
1.0 0.9043965562601494
1.0 0.9037135780965082
1.0 0.9030235237550917
1.0 0.902326211795444
1.0 0.9016123524662294
1.0 0.9008995817797494
1.0 0.9001791905941268
1.0 0.8994659481624618
1.0 0.8987354688874979
1.0 0.8979935588638198
1.0 0.8972362264014008
1.0 0.896477115822515
1.0 0.8957121991490442
1.0 0.8949396619764309
1.0 0.8941547868528246
1.0 0.8933577915067723
1.0 0.8925583285705214
1.0 0.89174220940043
1.0 0.8909261628065209
1.0 0.8901055439131264
1.0 0.8892833646318119
1.0 0.8884475410282231
1.0 0.8876063467871431
1.0 0.8867581852325613
1.0 0.8858914804633989
1.0 0.8850150504858069
1.0 0.8841270808952272
1.0 0.8832244146277295
1.0 0.8823307478068385
1.0 0.8814118607625943
1.0 0.8804933365992615
1.0 0.8795633453991236
1.0 0.8786174237269684
1.0 0.8776644984532201
1.0 0.8766965136216422
1.0 0.875717968955538
1.0 0.874735976920774
1.0 0.8737521704814523
1.0 0.8727504740131907
1.0 0.8717432254669824
1.0 0.8707224777508641
1.0 0.8696860898674578
1.0 0.8686340618167633
1.0 0.867578804125956
1.0 0.8665187926952073
1.0 0.8654407823712453
1.0 0.8643522847889394
1.0 0.863249707427265
1.0 0.8621284416986456
1.0 0.8609973418973228
1.0 0.8598722296310408
1.0 0.858712897694799
1.0 0.8575558156202089
1.0 0.8563853432399822
1.0 0.8552010088089341
1.0 0.8540063322719067
1.0 0.8528022571192699
1.0 0.8515753930453873
1.0 0.8503360095800561
1.0 0.8490816391330775
1.0 0.8478101769951646
1.0 0.8465356666575946
1.0 0.8452282067332553
1.0 0.8439118199384917
1.0 0.8425888287111377
1.0 0.841248419200029
1.0 0.8398862731223181
1.0 0.8385259777372561
1.0 0.8371489898302624
1.0 0.835747580037921
1.0 0.8343310381115677
1.0 0.8328958078182692
1.0 0.8314528118734634
1.0 0.8299814749294651
1.0 0.8285023360458681
1.0 0.8270062869117927
1.0 0.8254853441471846
1.0 0.8239675221584156
1.0 0.8224196536301699
1.0 0.8208488510283137
1.0 0.8192578722477751
1.0 0.8176461366790954
1.0 0.8160331310272252
1.0 0.814395884930463
1.0 0.8127351604387231
1.0 0.8110602835914323
1.0 0.8093634161609013
1.0 0.8076414736593819
1.0 0.8059044716000326
1.0 0.8041546598445055
1.0 0.8023769062587885
1.0 0.8005786499015686
1.0 0.7987677290005353
1.0 0.796936087599452
1.0 0.7950675412096635
1.0 0.7931820845693964
1.0 0.7912817860998467
1.0 0.7893642144989068
1.0 0.7874244345861797
1.0 0.7854622649212095
1.0 0.7834786852824575
1.0 0.781491513122681
1.0 0.7794531021781926
1.0 0.7773968374928558
1.0 0.7753293597873517
1.0 0.7732152881728039
1.0 0.7710898583857243
1.0 0.7689433452176831
1.0 0.7667667855101652
1.0 0.7645756379900026
1.0 0.7623434123506518
1.0 0.7600799426648159
1.0 0.7577891843344311
1.0 0.7554684520407515
1.0 0.753140970162117
1.0 0.7507842763701023
1.0 0.7483907864536555
1.0 0.7459647461194423
1.0 0.743503070879714
1.0 0.741017880956917
1.0 0.7385016284280906
1.0 0.7359560551216104
1.0 0.733384318101407
1.0 0.7307754220758602
1.0 0.7281530268804035
1.0 0.7254930735106007
1.0 0.7227961788640013
1.0 0.7200732656560433
1.0 0.7173155158805758
1.0 0.7145313483747471
1.0 0.7116984096744051
1.0 0.7088492501973165
1.0 0.7059646009670776
1.0 0.7030418855292164
1.0 0.7000772936341616
1.0 0.6970935053388854
1.0 0.6940642117772999
1.0 0.6910059966070635
1.0 0.6879124005479502
1.0 0.6847784158433806
1.0 0.6816104291973981
1.0 0.6784094929646464
0.9998095238095238 0.6751744822142993
0.9998095238095238 0.6719019495776973
0.9998095238095238 0.6685819158297726
0.9998095238095238 0.6652238884504078
0.9998095238095238 0.6618448502662638
0.9998095238095238 0.6584221212203685
0.9998095238095238 0.6549544675176224
0.9998095238095238 0.651427555362019
0.9998095238095238 0.6478720844786762
0.9996190476190476 0.6442664997414473
0.9996190476190476 0.6406323199883878
0.9996190476190476 0.6369379745801922
0.9996190476190476 0.633211804516053
0.9996190476190476 0.6294536646436056
0.9994285714285714 0.6256248355695869
0.9994285714285714 0.6217735078790518
0.9994285714285714 0.6178822270001543
0.9994285714285714 0.6139394896079979
0.9994285714285714 0.6099284217401955
0.9992380952380953 0.6058854929283582
0.9992380952380953 0.6018114652224006
0.9992380952380953 0.5976570956826244
0.9990476190476191 0.5934695225394406
0.9990476190476191 0.5892598136606519
0.9990476190476191 0.5849840604559599
0.9990476190476191 0.5806845385515609
0.9990476190476191 0.5763236534850176
0.9990476190476191 0.5719029656442497
0.9990476190476191 0.567464605503089
0.9990476190476191 0.5629619428644005
0.9986666666666667 0.5584050658175254
0.9984761904761905 0.5538055865516334
0.9982857142857143 0.5491604931551588
0.9982857142857143 0.5444646690072485
0.9982857142857143 0.5397009861288772
0.9980952380952381 0.5349182882907402
0.9977142857142857 0.5300823558228779
0.9977142857142857 0.5251713432944144
0.9977142857142857 0.5202160955828321
0.9975238095238095 0.5152386758475538
0.9973333333333333 0.5101867929492239
0.9973333333333333 0.5050617532591242
0.9973333333333333 0.49990096979923615
0.9971428571428571 0.49469254007566066
0.9971428571428571 0.4894214771067505
0.9971428571428571 0.48413074599243394
0.9967619047619047 0.47875437498298995
0.9963809523809524 0.4733419698990284
0.9961904761904762 0.46786330276061655
0.9956190476190476 0.4623537544566312
0.9954285714285714 0.45677754492919287
0.9952380952380953 0.45111674786127065
0.9950476190476191 0.4454337787696523
0.9946666666666667 0.43971317892750544
0.9946666666666667 0.4339020040098341
0.9942857142857143 0.42805860526721645
0.9942857142857143 0.42217151566284733
0.9931428571428571 0.41624929918623954
0.9929523809523809 0.4102659735641256
0.9923809523809524 0.40425231109780546
0.9912380952380953 0.3981938691269992
0.9906666666666667 0.39207163269194134
0.989904761904762 0.3859046167523973
0.9897142857142858 0.37970087726460366
0.9897142857142858 0.3734258679657803
0.9881904761904762 0.36712204592257935
0.988 0.36078483883551515
0.9874285714285714 0.354411742826298
0.9864761904761905 0.34797644902883995
0.9851428571428571 0.3415144834843825
0.9841904761904762 0.3350318700160575
0.9824761904761905 0.32847254352302935
0.9813333333333333 0.3218685463897885
0.9807619047619047 0.3152488728011685
0.9798095238095238 0.3086076077983108
0.9782857142857143 0.3019284217401954
0.9765714285714285 0.29520554482032857
0.9746666666666667 0.2884743942156783
0.9731428571428572 0.28170557657240836
0.972 0.27493102541073583
0.9691428571428572 0.268141959012601
0.9678095238095238 0.2613029964891272
0.9645714285714285 0.25446573950593765
0.9617142857142857 0.2476013027424725
0.9575238095238096 0.24074118426185487
0.9525714285714286 0.23389957270772666
0.9483809523809524 0.2270415226483049
0.943047619047619 0.22018561358626132
0.9394285714285714 0.21335238458119007
0.9340952380952381 0.2065216231663174
0.9293333333333333 0.1996922769869998
0.9222857142857143 0.19286732166671203
0.9171428571428571 0.1861012982064611
0.9095238095238095 0.17933763347213527
0.9015238095238095 0.17261715156628474
0.8948571428571429 0.16595658129893223
0.8870476190476191 0.15929742626713478
0.8807619047619047 0.15271835905251793
0.8727619047619047 0.1461982599860291
0.8613333333333333 0.1397440238049878
0.8525714285714285 0.13333612751635232
0.8386666666666667 0.1270022952217656
0.8293333333333334 0.12076927124440937
0.819047619047619 0.11461310544412087
0.8072380952380952 0.10852581444084587
0.7975238095238095 0.10254459352801894
0.7817142857142857 0.09666788231772039
0.766095238095238 0.09092804978726106
0.7497142857142857 0.08531333859510655
0.7323809523809524 0.0798081448620599
0.7146666666666667 0.07445184116702501
0.695047619047619 0.06922788014043492
0.6742857142857143 0.06414228560542144
0.6514285714285715 0.059240744268749604
0.630095238095238 0.05448537136325286
0.6076190476190476 0.04991328960618349
0.5811428571428572 0.04551691478648994
0.5579047619047619 0.0412929083997859
0.5287619047619048 0.03728082446543106
0.5011428571428571 0.03347953805259959
0.4702857142857143 0.029872719520271436
0.4419047619047619 0.02647430349545038
0.4102857142857143 0.023300075297789147
0.37942857142857145 0.02033914849994103
0.3483809523809524 0.01760306271489354
0.3161904761904762 0.015081947581852325
0.2874285714285714 0.01278110116212612
0.25466666666666665 0.010684592983697574
0.21866666666666668 0.008824864600059875
0.19295238095238096 0.007176296618857107
0.16552380952380952 0.005746146658320406
0.13714285714285715 0.004507888123814967
0.116 0.003463770876992443
0.09523809523809523 0.002589336744413902
0.07276190476190476 0.0018797956980467934
0.05523809523809524 0.0013236444129947655
0.04285714285714286 0.0008936668208910541
0.029714285714285714 0.0005721906213428408
0.021333333333333333 0.0003483293870034202
0.015238095238095238 0.00019904017998893214
0.008 0.00010098975768627131
0.004190476190476191 4.4743216394959584e-05
0.001142857142857143 1.8107757486686807e-05
0.00038095238095238096 6.0238231318437075e-06
0.0 1.7055402843171942e-06
0.0 5.443213673352747e-07
0.0 3.6288091155684986e-08
0.0 0.0
0.0 0.0
0.0 0.0
0.0 0.0
0.0 0.0
0.0 0.0
0.0 0.0
0.0 0.0
0.0 0.0
