1.0 0.9996189387824301
1.0 0.9708507219805517
1.0 0.9429103090540377
1.0 0.915773822440641
1.0 0.8894181103398844
1.0 0.8638208192892383
1.0 0.8389600675713239
1.0 0.8148145903662672
1.0 0.7913638849040535
1.0 0.7685879564479071
1.0 0.7464673908704685
1.0 0.7249832820776179
1.0 0.7041173771608287
1.0 0.683851822380548
1.0 0.6641694171828163
1.0 0.6450533238945596
1.0 0.6264872854521198
1.0 0.608455443960813
1.0 0.5909424858472826
1.0 0.5739333878428807
1.0 0.557413743576464
1.0 0.5413693644054204
1.0 0.5257867511608196
1.0 0.5106524409618202
1.0 0.49595362411317356
1.0 0.4816776723600742
1.0 0.46781261063330987
1.0 0.45434642757557975
1.0 0.44126772872708786
1.0 0.428565301068481
1.0 0.41622840332555655
1.0 0.4042465482407317
1.0 0.3926093937087776
1.0 0.3813070693696164
1.0 0.37033003145596666
1.0 0.3596687362005471
1.0 0.3493142204454929
1.0 0.3392577750495586
1.0 0.3294905820072335
1.0 0.320004403922423
1.0 0.31079125741565233
1.0 0.3018431591074466
1.0 0.29315252478730464
1.0 0.284711879108991
1.0 0.27651429104759795
1.0 0.2685524666973325
1.0 0.2608197653379952
1.0 0.25330950996129803
1.0 0.24601535015174952
1.0 0.23893115322238953
1.0 0.23205071391008072
1.0 0.22536826240874816
1.0 0.21887813777658235
1.0 0.21257471535986244
1.0 0.20645266080957564
1.0 0.20050682121715185
1.0 0.19473193480975534
1.0 0.18912335671205532
1.0 0.18367611545592427
1.0 0.17838560245411988
1.0 0.17324724540748837
1.0 0.16825687118584973
1.0 0.16341001635431573
1.0 0.15870258035888338
1.0 0.1541306440859923
1.0 0.14969025213399362
1.0 0.145377630541681
1.0 0.14118915050020228
1.0 0.13712103804835113
1.0 0.13317017241051465
1.0 0.12933285220166366
1.0 0.12560602922236222
1.0 0.1219864012565549
1.0 0.11847092010480581
0.9998094512195121 0.11505657385576762
0.9998094512195121 0.11174053203853562
0.9998094512195121 0.10851985531793953
0.9998094512195121 0.10539189466351724
0.9998094512195121 0.10235389218054108
0.9998094512195121 0.09940330770281448
0.9998094512195121 0.09653763735222946
0.9998094512195121 0.0937544135387665
0.9998094512195121 0.09105124124858313
0.9998094512195121 0.08842587062019101
0.9998094512195121 0.08587608808019029
0.9996189024390244 0.08339968005518111
0.9996189024390244 0.08099446925985218
0.9996189024390244 0.07865849613742328
0.9996189024390244 0.07638972855493718
0.9996189024390244 0.07418620695561372
0.9996189024390244 0.07204611693502676
0.9996189024390244 0.06996760780066169
0.9996189024390244 0.06794890143618093
0.9996189024390244 0.06598825601333544
0.9996189024390244 0.06408400228005318
0.9996189024390244 0.06223468871279328
0.9996189024390244 0.060438464619041114
0.9996189024390244 0.05869395105143285
0.9996189024390244 0.056999623910250555
0.9996189024390244 0.05535406796004188
0.9996189024390244 0.053755867965354455
0.9996189024390244 0.052203644978824446
0.9996189024390244 0.05069605634117654
0.9996189024390244 0.04923183196931247
0.9996189024390244 0.04780981064439952
0.9994283536585366 0.04642868599525091
0.9994283536585366 0.045087260514945396
0.9994283536585366 0.04378444556082733
0.9992378048780488 0.04251922506641809
0.9992378048780488 0.04129025637244236
0.9992378048780488 0.04009670485286414
0.9992378048780488 0.03893751815311628
0.999047256097561 0.037811716494808696
0.999047256097561 0.03671828381146277
0.999047256097561 0.0356562403246884
0.999047256097561 0.0346247876965381
0.999047256097561 0.03362309130097588
0.999047256097561 0.0326501350715231
0.999047256097561 0.03170519324640933
0.999047256097561 0.030787431199598567
0.999047256097561 0.029896086881231843
0.9988567073170732 0.029030434529538723
0.9988567073170732 0.028189639518483193
0.9988567073170732 0.02737301237438334
0.9988567073170732 0.026579972487822807
0.9984756097560976 0.025809757808942634
0.9984756097560976 0.02506164257597238
0.9984756097560976 0.02433504617949569
0.9984756097560976 0.023629388010096217
0.9984756097560976 0.022943978594092036
0.9980945121951219 0.02227841876250941
0.9979039634146342 0.021631946465489375
0.9977134146341463 0.021004089957881143
0.9977134146341463 0.02039426863026836
0.9977134146341463 0.01980197444941172
0.9973323170731707 0.01922680824633748
0.997141768292683 0.018668153123540764
0.997141768292683 0.01812553733587079
0.9969512195121951 0.01759856171435381
0.9967606707317073 0.017086754513839043
0.9965701219512195 0.01658968027726422
0.9963795731707317 0.016106867259478557
0.9959984756097561 0.0156380614438624
0.9958079268292683 0.015182682220999394
0.9952362804878049 0.014740475574269888
0.9948551829268293 0.01431093347043457
0.9944740853658537 0.01389380189287379
0.9942835365853658 0.013488572808348235
0.9939024390243902 0.013095101064503819
0.9939024390243902 0.012712878628101235
0.9935213414634146 0.012341687770609348
0.993140243902439 0.011981201899231462
0.9929496951219512 0.011631021844993834
0.9923780487804879 0.011291002455542374
0.9918064024390244 0.010960853426168909
0.9918064024390244 0.010640030435545605
0.9914253048780488 0.010328497195583942
0.9910442073170732 0.010025963401575745
0.9899009146341463 0.009732247613078402
0.9895198170731707 0.009446878084941126
0.9891387195121951 0.009169709664809829
0.9889481707317073 0.008900452047976336
0.9878048780487805 0.00863917781061769
0.9876143292682927 0.008385161190963454
0.9870426829268293 0.008138619917544753
0.9866615853658537 0.007899118533299328
0.9862804878048781 0.007666475597784568
0.9855182926829268 0.007440654822911951
0.985327743902439 0.007221184463530689
0.9845655487804879 0.007008137095817827
0.9841844512195121 0.006801186126976667
0.9838033536585366 0.006600150116564598
0.9832317073170732 0.006404956488404577
0.9826600609756098 0.006215387513965471
0.9826600609756098 0.006031116600450582
0.9818978658536586 0.005852397764479564
0.981516768292683 0.005678686684724587
0.9805640243902439 0.005510092225451217
0.9799923780487805 0.005346287793862755
0.9796112804878049 0.005187128237605114
0.9784679878048781 0.005032722420943859
0.9771341463414634 0.004882816327259337
0.9758003048780488 0.0047372285161089355
0.9744664634146342 0.004595813835138569
0.973704268292683 0.004458390843905626
0.971608231707317 0.0043251772709412386
0.9706554878048781 0.004195556218740533
0.9685594512195121 0.004069926856277251
0.9668445121951219 0.003947853726489129
0.9651295731707317 0.0038292642531991216
0.9636051829268293 0.0037140858602301855
0.9626524390243902 0.0036021371071397103
0.9616996951219512 0.0034933817058391743
0.9601753048780488 0.0033878922325056215
0.9590320121951219 0.003285342094342353
0.9575076219512195 0.003185876443703458
0.9561737804878049 0.003089204975880759
0.9544588414634146 0.002995400267051301
0.9523628048780488 0.00290438974103804
0.9506478658536586 0.0028159193812213206
0.9491234756097561 0.002729952899512622
0.9474085365853658 0.0026465265840004658
0.9453125 0.0025656041465963297
0.9432164634146342 0.002487004146857604
0.9409298780487805 0.0024106902966957665
0.940358231707317 0.0023362997152255966
0.9380716463414634 0.002264340435686403
0.9369283536585366 0.002194268136750355
0.9352134146341463 0.0021263368350371075
0.9333079268292683 0.0020603650901040494
0.9304496951219512 0.0019965343423937916
0.9272103658536586 0.0019345905752866795
0.9256859756097561 0.0018741346198089708
0.9241615853658537 0.0018154204925803197
0.9220655487804879 0.0017585207697777704
0.920922256097561 0.0017030725705161022
0.9176829268292683 0.001649656504211668
0.9152057926829268 0.0015976193852710713
0.9138719512195121 0.0015468886375172677
0.9117759146341463 0.0014977908537469557
0.9102515243902439 0.0014499631530749148
0.9081554878048781 0.0014036595521207992
0.9047256097560976 0.0013589526270616533
0.903391768292683 0.0013151166161270362
0.901295731707317 0.0012727321287333004
0.8986280487804879 0.00123169030061488
0.8967225609756098 0.0011917008270635983
0.8942454268292683 0.001152945148522066
0.8911966463414634 0.0011154595530788048
0.8889100609756098 0.0010789174479371164
0.8860518292682927 0.0010435365616281334
0.8830030487804879 0.001009244317974811
0.879954268292683 0.0009759318527115838
0.8763338414634146 0.0009437443181925396
0.8732850609756098 0.0009123551216209802
0.8708079268292683 0.0008818005510854276
0.8675685975609756 0.0008522620470284918
0.8635670731707317 0.000823739609450173
0.8595655487804879 0.0007960880859963831
0.856516768292683 0.0007690171719589457
0.8519435975609756 0.0007430711886656913
0.8485137195121951 0.0007176695267002675
0.8448932926829268 0.0006930662026823284
0.8410823170731707 0.000669224928523352
0.8380335365853658 0.0006459279756922062
0.8344131097560976 0.0006234656488970671
0.8321265243902439 0.0006013662029871483
0.8283155487804879 0.0005802465354673245
0.8248856707317073 0.0005596711892753313
0.821265243902439 0.0005397127405882125
0.8163109756097561 0.0005206252060256226
0.8113567073170732 0.0005021182808793853
0.8054496951219512 0.0004843371175035885
0.799733231707317 0.00046710027545562237
0.795922256097561 0.0004500085857617443
0.7905868902439024 0.000433678945926829
0.7877286585365854 0.0004174218822689577
0.784108231707317 0.00040178171611596105
0.7785823170731707 0.0003869761759989712
0.7732469512195121 0.00037260609294424566
0.7675304878048781 0.00035874404312882867
0.7621951219512195 0.00034520858611010994
0.7570503048780488 0.00033207229806513365
0.7522865853658537 0.00031929889090537766
0.7473323170731707 0.00030692465271936405
0.7433307926829268 0.0002947681430644826
0.737233231707317 0.0002833736832685639
0.7311356707317073 0.00027234210435786557
0.7252286585365854 0.0002616008301553435
0.7193216463414634 0.00025122243683804176
0.713795731707317 0.00024109806014039427
0.7069359756097561 0.0002315542928590993
0.7000762195121951 0.00022233711837450266
0.6951219512195121 0.00021304736771286193
0.6882621951219512 0.00020441080264461782
0.6834984756097561 0.00019566537331080762
0.6775914634146342 0.0001874279772163059
0.669016768292683 0.0001799526309807669
0.6623475609756098 0.00017236842047966175
0.6547256097560976 0.00016521966704082105
0.6480564024390244 0.0001581434897790244
0.641577743902439 0.00015128504104835997
0.6333841463414634 0.00014497091364552606
0.6276676829268293 0.0001384027696230379
0.6192835365853658 0.00013259667545951245
0.6124237804878049 0.0001266817170304209
0.6057545731707317 0.0001209481990439395
0.5983231707317073 0.00011557756194267846
0.5926067073170732 0.00011006177248732929
0.586890243902439 0.00010472742347459028
0.5786966463414634 0.0001000462600552479
0.5706935975609756 9.554653707851566e-05
0.5626905487804879 9.119196645587158e-05
0.5541158536585366 8.70551243643597e-05
0.547827743902439 8.277312991875969e-05
0.5396341463414634 7.892659253542407e-05
0.5331554878048781 7.493490279800032e-05
0.5268673780487805 7.105207732614268e-05
0.5188643292682927 6.764099700507147e-05
0.5118140243902439 6.419362859547824e-05
0.5024771341463414 6.129058151371552e-05
0.4954268292682927 5.8133517812298554e-05
0.4878048780487805 5.5230470730535834e-05
0.4798018292682927 5.247257600286124e-05
0.47046493902439024 5.011385024892903e-05
0.46189024390243905 4.771883640647478e-05
0.45503048780487804 4.514238212141036e-05
0.44740853658536583 4.278365636747815e-05
0.4407393292682927 4.0352354436501866e-05
0.4331173780487805 3.8247645302223896e-05
0.4262576219512195 3.607035999090185e-05
0.4176829268292683 3.4328531741844215e-05
0.41177591463414637 3.218753451904421e-05
0.4035823170731707 3.055457053555267e-05
0.39672256097560976 2.8776454197973005e-05
0.390625 2.6925761683349267e-05
0.3831935975609756 2.543795005394587e-05
0.3751905487804878 2.4131578867152647e-05
0.3679496951219512 2.2752631503315354e-05
0.36147103658536583 2.130110796243399e-05
0.3540396341463415 2.01398891297289e-05
0.34565548780487804 1.9196398828156014e-05
0.33822408536585363 1.8180332349539063e-05
0.32983993902439024 1.7381994402054313e-05
0.3239329268292683 1.6220775569349222e-05
0.3170731707317073 1.5277285267776336e-05
0.3100228658536585 1.4442659231769554e-05
0.30297256097560976 1.368060937280684e-05
0.29592225609756095 1.2954847602366158e-05
0.2892530487804878 1.2229085831925476e-05
0.2839176829268293 1.1321883618874626e-05
0.2778201219512195 1.0596121848433944e-05
0.27191310975609756 9.870360077993262e-06
0.2648628048780488 9.434903015728855e-06
0.25895579268292684 8.854293599376309e-06
0.2536204268292683 8.201108005979697e-06
0.24809451219512196 7.620498589627152e-06
0.2421875 7.148753438840709e-06
0.23589939024390244 6.822160642142402e-06
0.22961128048780488 6.53185593396613e-06
0.22446646341463414 6.0601107831796875e-06
0.2183689024390244 5.806094163525449e-06
0.21341463414634146 5.406925189783074e-06
0.20750762195121952 5.18919665865087e-06
0.20236280487804878 4.898891950474597e-06
0.19778963414634146 4.4997229767322225e-06
0.19340701219512196 4.136842091511883e-06
0.1878810975609756 3.991689737423746e-06
0.1834984756097561 3.7013850292474734e-06
0.17892530487804878 3.447368409593235e-06
0.17473323170731708 3.1570637014169627e-06
0.17035060975609756 2.9393351702847584e-06
0.16653963414634146 2.649030462108486e-06
0.16196646341463414 2.540166196542384e-06
0.15701219512195122 2.540166196542384e-06
0.15301067073170732 2.3587257539322136e-06
0.14919969512195122 2.1772853113220433e-06
0.14519817073170732 2.0684210457559413e-06
0.1408155487804878 2.032132957233907e-06
0.1370045731707317 1.923268691667805e-06
0.13357469512195122 1.7781163375796687e-06
0.12976371951219512 1.7055401605356005e-06
0.12595274390243902 1.6692520720135666e-06
0.12252286585365854 1.5966758949694984e-06
0.11928353658536585 1.4878116294033962e-06
0.11604420731707317 1.4152354523593282e-06
0.11261432926829268 1.378947363837294e-06
0.1091844512195122 1.378947363837294e-06
0.10613567073170732 1.306371186793226e-06
0.10289634146341463 1.306371186793226e-06
0.10022865853658537 1.2337950097491578e-06
0.09737042682926829 1.1975069212271238e-06
0.09470274390243902 1.1249307441830556e-06
0.09203506097560976 1.0886426556610216e-06
0.0897484756097561 9.797783900949195e-07
0.08765243902439024 8.709141245288173e-07
0.08517530487804878 8.346260360067833e-07
0.08269817073170732 7.983379474847492e-07
0.08079268292682927 6.89473681918647e-07
0.0783155487804878 6.89473681918647e-07
0.07641006097560976 6.168975048745789e-07
0.07450457317073171 5.443213278305108e-07
0.07259908536585366 4.7174515078644273e-07
0.07069359756097561 4.3545706226440863e-07
0.06897865853658537 3.6288088522034055e-07
0.06688262195121951 3.6288088522034055e-07
0.06497713414634146 3.265927966983065e-07
0.06326219512195122 2.9030470817627246e-07
0.061547256097560975 2.9030470817627246e-07
0.059641768292682924 2.9030470817627246e-07
0.058307926829268296 2.1772853113220432e-07
0.05659298780487805 2.1772853113220432e-07
0.05506859756097561 1.8144044261017027e-07
0.053353658536585365 1.8144044261017027e-07
0.051829268292682924 1.8144044261017027e-07
0.05030487804878049 1.8144044261017027e-07
0.04878048780487805 1.8144044261017027e-07
0.04763719512195122 1.4515235408813623e-07
0.046303353658536585 1.4515235408813623e-07
0.044778963414634144 1.4515235408813623e-07
0.043635670731707314 1.4515235408813623e-07
0.042301829268292686 1.4515235408813623e-07
0.04096798780487805 1.4515235408813623e-07
0.040015243902439025 1.0886426556610216e-07
0.038871951219512195 1.0886426556610216e-07
0.03791920731707317 7.257617704406811e-08
0.03677591463414634 7.257617704406811e-08
0.03563262195121951 7.257617704406811e-08
0.03467987804878049 7.257617704406811e-08
0.033727134146341466 7.257617704406811e-08
0.032583841463414635 7.257617704406811e-08
0.03163109756097561 7.257617704406811e-08
0.03086890243902439 7.257617704406811e-08
0.029916158536585365 7.257617704406811e-08
0.028963414634146343 7.257617704406811e-08
0.028201219512195123 7.257617704406811e-08
0.027248475609756097 7.257617704406811e-08
0.026486280487804877 7.257617704406811e-08
0.025724085365853657 7.257617704406811e-08
0.02496189024390244 7.257617704406811e-08
0.02419969512195122 7.257617704406811e-08
0.0234375 7.257617704406811e-08
0.022865853658536585 7.257617704406811e-08
0.022103658536585365 7.257617704406811e-08
0.02153201219512195 7.257617704406811e-08
0.020960365853658538 7.257617704406811e-08
0.020198170731707318 7.257617704406811e-08
0.019626524390243903 7.257617704406811e-08
0.019054878048780487 7.257617704406811e-08
0.018483231707317072 7.257617704406811e-08
0.017911585365853657 7.257617704406811e-08
0.017339939024390245 7.257617704406811e-08
0.016958841463414635 7.257617704406811e-08
0.016577743902439025 3.628808852203406e-08
0.016196646341463415 3.628808852203406e-08
0.015625 3.628808852203406e-08
0.01524390243902439 3.628808852203406e-08
0.014672256097560975 3.628808852203406e-08
0.014291158536585366 3.628808852203406e-08
0.013910060975609756 3.628808852203406e-08
0.013528963414634146 3.628808852203406e-08
0.013147865853658536 3.628808852203406e-08
0.012766768292682926 3.628808852203406e-08
0.012385670731707318 3.628808852203406e-08
0.012004573170731708 3.628808852203406e-08
0.011623475609756097 3.628808852203406e-08
0.011242378048780487 3.628808852203406e-08
0.010861280487804877 3.628808852203406e-08
0.010670731707317074 3.628808852203406e-08
0.010289634146341464 3.628808852203406e-08
0.009908536585365854 3.628808852203406e-08
0.009717987804878049 3.628808852203406e-08
0.009336890243902439 3.628808852203406e-08
0.009146341463414634 3.628808852203406e-08
0.008765243902439025 3.628808852203406e-08
0.00857469512195122 3.628808852203406e-08
0.008384146341463415 3.628808852203406e-08
0.008003048780487805 3.628808852203406e-08
0.0078125 3.628808852203406e-08
0.007621951219512195 3.628808852203406e-08
0.00743140243902439 3.628808852203406e-08
0.007050304878048781 3.628808852203406e-08
0.006859756097560976 3.628808852203406e-08
0.006669207317073171 3.628808852203406e-08
0.0064786585365853655 3.628808852203406e-08
0.006288109756097561 3.628808852203406e-08
0.006097560975609756 3.628808852203406e-08
0.005907012195121951 3.628808852203406e-08
0.005716463414634146 3.628808852203406e-08
0.005525914634146341 3.628808852203406e-08
0.005335365853658537 3.628808852203406e-08
0.005144817073170732 3.628808852203406e-08
0.004954268292682927 3.628808852203406e-08
0.004763719512195122 3.628808852203406e-08
0.004573170731707317 3.628808852203406e-08
0.004382621951219513 3.628808852203406e-08
0.004192073170731708 3.628808852203406e-08
0.0040015243902439025 3.628808852203406e-08
0.0038109756097560975 3.628808852203406e-08
0.003620426829268293 3.628808852203406e-08
0.003429878048780488 3.628808852203406e-08
0.0032393292682926828 3.628808852203406e-08
0.0032393292682926828 0.0
0.003048780487804878 0.0
0.002858231707317073 0.0
0.0026676829268292685 0.0
0.0024771341463414634 0.0
0.0022865853658536584 0.0
0.002096036585365854 0.0
0.0019054878048780487 0.0
0.001714939024390244 0.0
0.001524390243902439 0.0
0.0013338414634146342 0.0
0.0011432926829268292 0.0
0.0009527439024390244 0.0
0.0007621951219512195 0.0
0.0005716463414634146 0.0
0.00038109756097560977 0.0
0.00019054878048780488 0.0
0.0 0.0
