1.0 0.9135510422426572
1.0 0.9135510422426572
1.0 0.9135510422426572
1.0 0.9135510422426572
1.0 0.889757166289514
1.0 0.8641501183152192
1.0 0.8392798178166341
1.0 0.8151251007741311
1.0 0.7916655292064922
1.0 0.7688809192459423
1.0 0.7467518856669563
1.0 0.7252596240747367
1.0 0.7043857656975312
1.0 0.6841124862923949
1.0 0.66442257874903
1.0 0.6452991989763439
1.0 0.6267260474120506
1.0 0.6086874053245914
1.0 0.5911676991900896
1.0 0.5741521541269184
1.0 0.5576262130649741
1.0 0.5415757908591183
1.0 0.5259871290814975
1.0 0.5108470864369056
1.0 0.4961424853282158
1.0 0.48186127351783614
1.0 0.46799092684320825
1.0 0.45451961087826254
1.0 0.441435926819975
1.0 0.42872869367684435
1.0 0.41638709347657393
1.0 0.40440063496415113
1.0 0.39275900839416567
1.0 0.38145244855001414
1.0 0.37047115391317276
1.0 0.3598058674939245
1.0 0.3494474412083138
1.0 0.3393870173877487
1.0 0.3296161739866827
1.0 0.32012641635572864
1.0 0.310909721770465
1.0 0.3019582127141523
1.0 0.2932642657834942
1.0 0.28482051168863753
1.0 0.2766196537435702
1.0 0.26865483088532544
1.0 0.2609191820509365
1.0 0.25340610029088
1.0 0.24610916016523474
1.0 0.2390222266494431
1.0 0.23213920102086807
1.0 0.22545420236839536
1.0 0.2189615675924334
1.0 0.21265577880107245
1.0 0.2065313907062437
1.0 0.20058324843524203
1.0 0.19480623341728273
1.0 0.18919548119502438
1.0 0.18374612731112547
1.0 0.17845359772360822
1.0 0.17331335469241527
1.0 0.16832100568517117
1.0 0.1634723033771822
1.0 0.15876310934951604
1.0 0.1541894303909223
1.0 0.14974730959207097
1.0 0.14543308045899567
1.0 0.14124296759196875
1.0 0.1371734134027852
1.0 0.13322093290708104
1.0 0.129382186328174
1.0 0.12565390649322286
1.0 0.12203289883322724
1.0 0.11851604138302767
1.0 0.11510046629090791
1.0 0.11178308789362898
1.0 0.10856121984907695
1.0 0.10543203060745601
1.0 0.10239287012857269
1.0 0.09944116097607442
1.0 0.09657439831744954
1.0 0.09379011362210689
1.0 0.0910859472652166
1.0 0.08845957592386935
1.0 0.08590878518091716
1.0 0.08343139692113248
1.0 0.08102526933120827
1.0 0.07868840580551928
1.0 0.07641877343651984
1.0 0.07421444822242564
1.0 0.07207354246337282
1.0 0.06999424106333843
1.0 0.06797476522822
1.0 0.06601337246583554
1.0 0.06410846549168482
1.0 0.06225830181358586
1.0 0.060461465656640755
1.0 0.0587162871325084
1.0 0.05702131416437045
1.0 0.055375094675408555
1.0 0.05377628549456575
1.0 0.052223470846944134
1.0 0.05071530756148674
1.0 0.049250561372897975
1.0 0.047827961713961774
1.0 0.04644627431938255
1.0 0.045104373829626086
1.0 0.04380106228131723
1.0 0.04253528691876269
1.0 0.04130588608050779
1.0 0.04011187961470013
1.0 0.038952251067566876
1.0 0.037825947683414726
1.0 0.03673209821615267
1.0 0.03566968621200786
1.0 0.034637840424889293
1.0 0.03363572591062641
1.0 0.0326623988192873
1.0 0.03171709681054231
1.0 0.030798984940220903
1.0 0.02990730086799344
1.0 0.02904128225353029
1.0 0.028200166756501818
1.0 0.027383264640419312
1.0 0.026589886168794055
1.0 0.025819305303216872
1.0 0.025070904911039967
1.0 0.024344031557695076
1.0 0.02363810441245487
0.9998094512195121 0.02295250634267154
0.9998094512195121 0.02228658391377684
0.9998094512195121 0.021639828898884342
0.9998094512195121 0.02101169676918716
0.9996189024390244 0.020401679297798885
0.9994283536585366 0.019809195653992164
0.9994283536585366 0.019233737610880586
0.9994283536585366 0.018674833243498182
0.9994283536585366 0.018132010626878987
0.9992378048780488 0.0176048341379775
0.9992378048780488 0.017092795549907298
0.9992378048780488 0.016595495541543336
0.9992378048780488 0.01611249848984011
0.9992378048780488 0.01564340507367257
0.9992378048780488 0.015187815971915673
0.9992378048780488 0.014745331863444372
0.9992378048780488 0.014315553427133624
0.9992378048780488 0.013898190247619756
0.9992378048780488 0.013492806701857265
0.9992378048780488 0.013099076072562022
0.9988567073170732 0.012716780548211274
0.9986661585365854 0.0123454119019186
0.9986661585365854 0.01198471602024079
0.9982850609756098 0.011634475091655088
0.9982850609756098 0.011294217191195536
0.9979039634146342 0.010963869715021212
0.9977134146341463 0.010642960738166155
0.9977134146341463 0.010331236147187154
0.9977134146341463 0.010028514432481914
0.9977134146341463 0.009734468876766307
0.9975228658536586 0.009448954272358498
0.9973323170731707 0.00917164390197436
0.9973323170731707 0.008902247350250221
0.9967606707317073 0.008640764617186084
0.9965701219512195 0.008386687475895525
0.9963795731707317 0.008139943322537627
0.9959984756097561 0.007900350647510095
0.9959984756097561 0.007667546431608344
0.9952362804878049 0.007441639580593748
0.9946646341463414 0.007222158169500346
0.9942835365853658 0.007008956990646302
0.9937118902439024 0.006801963440190698
0.9935213414634146 0.0066008144989289485
0.9929496951219512 0.00640554646878151
0.9921875 0.006215941538225632
0.9919969512195121 0.006031672989977185
0.9916158536585366 0.005852777125956628
0.9914253048780488 0.005678963530800292
0.9914253048780488 0.0055101232987467995
0.991234756097561 0.005346183825955234
0.9906631097560976 0.005186999904743761
0.9899009146341463 0.005032462629351003
0.9889481707317073 0.004882426792095126
0.9883765243902439 0.004736638279532919
0.9878048780487805 0.004595024487823464
0.9868521341463414 0.004457585416966762
0.9851371951219512 0.004324248463121895
0.9832317073170732 0.004194759512845652
0.9809451219512195 0.004069118566138033
0.9780868902439024 0.003947216717237662
0.9738948170731707 0.0038290539661445387
0.9723704268292683 0.003713831670608571
0.9695121951219512 0.003602166963277558
0.9662728658536586 0.003493842032628747
0.9622713414634146 0.00338878427482122
0.9576981707317073 0.003286848482173143
0.954077743902439 0.0031877442393208463
0.950266768292683 0.003091507848184788
0.9466463414634146 0.002998030403003592
0.9432164634146342 0.002907239299936341
0.9392149390243902 0.0028191708409034937
0.9361661585365854 0.0027334620067004634
0.9323551829268293 0.002650403212690919
0.9293064024390244 0.002569631439670274
0.9251143292682927 0.002491400801081739
0.9195884146341463 0.002415674995004856
0.9133003048780488 0.002342345115678248
0.9075838414634146 0.002271011841976869
0.9014862804878049 0.002201856683503013
0.8969131097560976 0.002134444017211176
0.8940548780487805 0.0020686286354195224
0.8873856707317073 0.002005499595741814
0.8814786585365854 0.0019440404444052062
0.8744283536585366 0.0018846142006142866
0.8679496951219512 0.0018268215432440094
0.8616615853658537 0.001770698774214833
0.8567073170731707 0.001715955478163088
0.8513719512195121 0.0016629183723729027
0.8452743902439024 0.0016115511549238183
0.8382240853658537 0.0015618901277362936
0.8321265243902439 0.0015135359696852827
0.8266006097560976 0.0014664523788503268
0.821265243902439 0.0014207482609928023
0.8145960365853658 0.0013766414276354614
0.8079268292682927 0.0013338414634146342
0.8001143292682927 0.0012924935760121555
0.7928734756097561 0.001252307350064356
0.7875381097560976 0.001212956068287107
0.7785823170731707 0.0011754198825327936
0.770579268292683 0.001138827546710407
0.7623856707317073 0.0011034331742631582
0.7553353658536586 0.001068837444066001
0.7467606707317073 0.0010355848849258162
0.7404725609756098 0.0010028768545925124
0.7305640243902439 0.0009718750145207681
0.721608231707317 0.0009415992128581983
0.7162728658536586 0.0009115775246388394
0.7082698170731707 0.0008829353093969118
0.6993140243902439 0.000855345849848287
0.6901676829268293 0.0008286639383111301
0.682545731707317 0.0008024539517399365
0.6714939024390244 0.0007777323439075504
0.6642530487804879 0.0007530470379956229
0.6558689024390244 0.0007293418839360808
0.6463414634146342 0.0007065805798084653
0.6389100609756098 0.0006841096910445195
0.6272865853658537 0.0006631634829398398
0.6192835365853658 0.0006421446709942428
0.6107088414634146 0.0006219245012987375
0.6027057926829268 0.0006022125584896542
0.5945121951219512 0.0005831177483283692
0.5861280487804879 0.000564676372735341
0.5769817073170732 0.0005469610355514872
0.5685975609756098 0.0005296450194926792
0.5617378048780488 0.000512619418797541
0.5520198170731707 0.0004966465737957056
0.5413490853658537 0.00048132716336212703
0.5314405487804879 0.00046640707405359443
0.5228658536585366 0.0004517047962678141
0.5158155487804879 0.0004371840280843273
0.506859756097561 0.00042349820407139104
0.49847560975609756 0.0004101390973425833
0.4879954268292683 0.0003975786328638672
0.4807545731707317 0.0003848366587828576
0.47103658536585363 0.0003730022327133159
0.46208079268292684 0.00036138561816652647
0.45503048780487804 0.0003498053055401958
0.4485518292682927 0.0003384791063570761
0.43921493902439024 0.00032806045518542443
0.4302591463414634 0.00031789591745698365
0.42073170731707316 0.0003082033046945063
0.4133003048780488 0.00029843808809111144
0.40625 0.0002889269849309276
0.39977134146341464 0.00027963369329349607
0.39214939024390244 0.00027084862854248663
0.38433689024390244 0.0002623902810756056
0.3774771341463415 0.0002540408393701007
0.36947408536585363 0.00024619962455101784
0.3624237804878049 0.0002383947116523937
0.3542301829268293 0.00023113432756065034
0.3471798780487805 0.00022387394346890698
0.34146341463414637 0.0002166135593771636
0.3365091463414634 0.00020946208104679636
0.3307926829268293 0.00020267362192101632
0.3227896341463415 0.00019653859736349315
0.31478658536585363 0.00019065768624918102
0.3073551829268293 0.00018484937897578633
0.2993521341463415 0.00017936778898652007
0.2930640243902439 0.00017377729323587768
0.2860137195121951 0.00016851351476936374
0.28010670731707316 0.00016321343438239108
0.2732469512195122 0.00015827637320000557
0.26714939024390244 0.00015341191585853753
0.2616234756097561 0.00014858376043752817
0.25666920731707316 0.00014379190693697755
0.25114329268292684 0.00013932677072055536
0.24561737804878048 0.00013497054026550935
0.2379954268292683 0.0001311951405378028
0.2301829268292683 0.00012760125041238983
0.22484756097560976 0.0001236806430028484
0.21817835365853658 0.00012015935671835285
0.21379573170731708 0.00011634765507018759
0.20807926829268292 0.00011289897262660948
0.20255335365853658 0.00010959549786486625
0.19588414634146342 0.00010658243846679274
0.19054878048780488 0.00010342417138688437
0.18654725609756098 0.00010019330046605858
0.18121189024390244 9.732544874981994e-05
0.17740091463414634 9.4239785510829e-05
0.17320884146341464 9.133563187413166e-05
0.17092225609756098 8.8213666714682e-05
0.16749237804878048 8.53821169189021e-05
0.16272865853658536 8.291358632770935e-05
0.15872713414634146 8.040875381605788e-05
0.15453506097560976 7.801282706578257e-05
0.14977134146341464 7.583471183825955e-05
0.14672256097560976 7.340248316752552e-05
0.14291158536585366 7.12243679400025e-05
0.13891006097560976 6.915515847385565e-05
0.13528963414634146 6.708594900770879e-05
0.13166920731707318 6.508934338247935e-05
0.1286204268292683 6.309273775724993e-05
0.12557164634146342 6.113243405247922e-05
0.12252286585365854 5.928103610908466e-05
0.11966463414634146 5.7429638165690094e-05
0.11661585365853659 5.5723447904130406e-05
0.11299542682926829 5.4162465324405575e-05
0.11051829268292683 5.245627506284589e-05
0.10670731707317073 5.1040500164955926e-05
0.10423018292682927 4.94795175852311e-05
0.10080030487804878 4.813634652825858e-05
0.09794207317073171 4.6756873550827334e-05
0.09546493902439024 4.534109865293738e-05
0.09375 4.381641799367127e-05
0.09051067073170732 4.265475653899233e-05
0.08765243902439024 4.1493095084313386e-05
0.08536585365853659 4.025882978871701e-05
0.08460365853658537 3.8770451049909624e-05
0.08250762195121951 3.757248767477196e-05
0.08022103658536585 3.648343006101046e-05
0.07850609756097561 3.532176860633152e-05
0.07717225609756098 3.412380523119386e-05
0.07488567073170732 3.3143653378808507e-05
0.07317073170731707 3.212719960596443e-05
0.07126524390243902 3.114704775357908e-05
0.06974085365853659 3.0166895901193722e-05
0.06783536585365854 2.92593478897258e-05
0.06592987804878049 2.8424403719175313e-05
0.06402439024390244 2.7589459548624824e-05
0.061928353658536585 2.686342113945049e-05
0.06097560975609756 2.591957120752385e-05
0.060022865853658534 2.5012023196055926e-05
0.056783536585365856 2.4576400150551325e-05
0.055259146341463415 2.3850361741376986e-05
0.053734756097560975 2.3160625252661368e-05
0.05201981707317073 2.254349260486318e-05
0.050114329268292686 2.196266187752371e-05
0.048589939024390245 2.1345529229725524e-05
0.047446646341463415 2.069209466146862e-05
0.04535060975609756 2.02201696955053e-05
0.04382621951219512 1.9675640888624546e-05
0.04249237804878049 1.9131112081743792e-05
0.04096798780487805 1.8622885195321755e-05
0.03982469512195122 1.8078356388441005e-05
0.0390625 1.7497525661101533e-05
0.037728658536585365 1.7025600695138214e-05
0.03715701219512195 1.6444769967798745e-05
0.03639481707317073 1.590024116091799e-05
0.03563262195121951 1.5392014274495954e-05
0.0350609756097561 1.4847485467615201e-05
0.03467987804878049 1.4302956660734449e-05
0.03391768292682927 1.3867333615229846e-05
0.032964939024390245 1.346801249018396e-05
0.031821646341463415 1.3104993285596792e-05
0.03086890243902439 1.2741974081009623e-05
0.030297256097560975 1.2306351035505021e-05
0.029916158536585365 1.1870727990000418e-05
0.028772865853658538 1.1580312626330684e-05
0.027820121951219513 1.1253595342202232e-05
0.026867378048780487 1.0963179978532496e-05
0.026676829268292682 1.0527556933027895e-05
0.026295731707317072 1.0164537728440725e-05
0.025724085365853657 9.837820444312273e-06
0.02496189024390244 9.547405080642539e-06
0.024009146341463415 9.329593557890237e-06
0.02305640243902439 9.111782035137936e-06
0.02267530487804878 8.785064751009484e-06
0.02153201219512195 8.603555148715899e-06
0.020960365853658538 8.34944170550488e-06
0.020579268292682928 8.095328262293862e-06
0.019817073170731708 7.877516739541562e-06
0.019054878048780487 7.696007137247977e-06
0.018483231707317072 7.478195614495676e-06
0.017911585365853657 7.260384091743375e-06
0.01753048780487805 7.006270648532357e-06
0.017339939024390245 6.752157205321339e-06
0.01714939024390244 6.4980437621103205e-06
0.016577743902439025 6.316534159816737e-06
0.01600609756097561 6.171326477981869e-06
0.015434451219512195 6.0261187961470015e-06
0.015053353658536585 5.8083072733947e-06
0.014481707317073171 5.69940151201855e-06
0.013910060975609756 5.554193830183682e-06
0.013338414634146341 5.4089861483488145e-06
0.012766768292682926 5.300080386972664e-06
0.011814024390243903 5.263778466513947e-06
0.011623475609756097 5.0822688642203626e-06
0.011432926829268292 4.900759261926778e-06
0.011242378048780487 4.719249659633194e-06
0.011051829268292682 4.574041977798326e-06
0.010861280487804877 4.428834295963459e-06
0.010289634146341464 4.319928534587308e-06
0.010099085365853659 4.17472085275244e-06
0.009717987804878049 4.102117011835007e-06
0.009146341463414634 4.029513170917573e-06
0.009146341463414634 3.8480035686239885e-06
0.008955792682926829 3.739097807247838e-06
0.00857469512195122 3.6301920458716874e-06
0.00819359756097561 3.557588204954254e-06
0.008003048780487805 3.448682443578103e-06
0.0078125 3.3397766822019527e-06
0.0078125 3.194569000367085e-06
0.0078125 3.0493613185322175e-06
0.0078125 2.9404555571560668e-06
0.0078125 2.795247875321199e-06
0.0078125 2.686342113945049e-06
0.0078125 2.577436352568898e-06
0.00743140243902439 2.5048325116514645e-06
0.00743140243902439 2.3959267502753137e-06
0.007240853658536586 2.32332290935788e-06
0.007050304878048781 2.250719068440446e-06
0.007050304878048781 2.141813307064296e-06
0.006669207317073171 2.1055113866055786e-06
0.0064786585365853655 2.069209466146862e-06
0.006097560975609756 2.032907545688145e-06
0.005907012195121951 1.9966056252294282e-06
0.005716463414634146 1.9240017843119942e-06
0.005335365853658537 1.9240017843119942e-06
0.004954268292682927 1.8876998638532775e-06
0.004763719512195122 1.8513979433945607e-06
0.004382621951219513 1.8513979433945607e-06
0.004382621951219513 1.778794102477127e-06
0.004192073170731708 1.7424921820184101e-06
0.0040015243902439025 1.7061902615596931e-06
0.003620426829268293 1.7061902615596931e-06
0.003429878048780488 1.6698883411009763e-06
0.0032393292682926828 1.6335864206422593e-06
0.0032393292682926828 1.5609825797248256e-06
0.0032393292682926828 1.488378738807392e-06
0.003048780487804878 1.488378738807392e-06
0.003048780487804878 1.4157748978899582e-06
0.002858231707317073 1.3794729774312412e-06
0.002858231707317073 1.3431710569725244e-06
0.0026676829268292685 1.3068691365138074e-06
0.0026676829268292685 1.2705672160550906e-06
0.0026676829268292685 1.1979633751376569e-06
0.0026676829268292685 1.16166145467894e-06
0.0026676829268292685 1.125359534220223e-06
0.0026676829268292685 1.0527556933027893e-06
0.0026676829268292685 1.0164537728440725e-06
0.0026676829268292685 9.801518523853557e-07
0.0024771341463414634 9.801518523853557e-07
0.0024771341463414634 9.075480114679218e-07
0.0024771341463414634 8.712460910092051e-07
0.0022865853658536584 8.712460910092051e-07
0.002096036585365854 8.712460910092051e-07
0.002096036585365854 8.349441705504882e-07
0.002096036585365854 7.986422500917713e-07
0.0019054878048780487 7.986422500917713e-07
0.001714939024390244 7.986422500917713e-07
0.001714939024390244 7.623403296330544e-07
0.001714939024390244 7.260384091743375e-07
0.001714939024390244 6.897364887156206e-07
0.001714939024390244 6.534345682569037e-07
0.001714939024390244 6.171326477981869e-07
0.001524390243902439 6.171326477981869e-07
0.001524390243902439 5.8083072733947e-07
0.0013338414634146342 5.8083072733947e-07
0.0013338414634146342 5.445288068807531e-07
0.0011432926829268292 5.445288068807531e-07
0.0009527439024390244 5.445288068807531e-07
0.0009527439024390244 5.082268864220363e-07
0.0009527439024390244 4.7192496596331937e-07
0.0007621951219512195 4.7192496596331937e-07
0.0005716463414634146 4.7192496596331937e-07
0.0005716463414634146 4.3562304550460253e-07
0.0005716463414634146 3.9932112504588564e-07
0.0005716463414634146 3.6301920458716875e-07
0.0005716463414634146 3.2671728412845186e-07
0.00038109756097560977 3.2671728412845186e-07
0.00038109756097560977 2.90415363669735e-07
0.00038109756097560977 2.5411344321101813e-07
0.00038109756097560977 2.1781152275230126e-07
0.00038109756097560977 1.8150960229358437e-07
0.00019054878048780488 1.8150960229358437e-07
0.00019054878048780488 1.452076818348675e-07
0.00019054878048780488 1.0890576137615063e-07
0.00019054878048780488 7.260384091743375e-08
0.00019054878048780488 3.630192045871688e-08
0.00019054878048780488 0.0
0.0 0.0
