0.127619 0.000000
0.127619 0.000000
0.127619 0.000000
0.127619 0.000000
0.127619 0.000000
0.127619 0.000000
0.127619 0.000000
0.127619 0.000000
0.127619 0.000000
0.127619 0.000000
0.127619 0.000000
0.127619 0.000000
0.130857 0.000000
0.130857 0.000000
0.130857 0.000000
0.130857 0.000000
0.130857 0.000000
0.130857 0.000000
0.130857 0.000000
0.130857 0.000000
0.130857 0.000000
0.130857 0.000000
0.130857 0.000000
0.130857 0.000000
0.130857 0.000000
0.130857 0.000000
0.130857 0.000000
0.135619 0.000000
0.135619 0.000000
0.135619 0.000000
0.135619 0.000000
0.135619 0.000000
0.135619 0.000000
0.135619 0.000000
0.135619 0.000000
0.135619 0.000000
0.135619 0.000000
0.156762 0.000000
0.156762 0.000000
0.156762 0.000000
0.156762 0.000000
0.156762 0.000000
0.156762 0.000000
0.156762 0.000000
0.157524 0.000000
0.157524 0.000000
0.157524 0.000000
0.157524 0.000000
0.157524 0.000000
0.157524 0.000000
0.161714 0.000000
0.161714 0.000000
0.161714 0.000000
0.161714 0.000000
0.161714 0.000000
0.198286 0.000000
0.198286 0.000000
0.198286 0.000000
0.198286 0.000000
0.199048 0.000000
0.199048 0.000000
0.199048 0.000000
0.199048 0.000000
0.200762 0.000000
0.200762 0.000000
0.200762 0.000000
0.201905 0.000000
0.201905 0.000000
0.201905 0.000000
0.213143 0.000000
0.213143 0.000000
0.213143 0.000000
0.216762 0.000000
0.216762 0.000000
0.223048 0.000000
0.223048 0.000000
0.234667 0.000001
0.234667 0.000001
0.241714 0.000001
0.241714 0.000001
0.265333 0.000001
0.265333 0.000001
0.268952 0.000001
0.268952 0.000001
0.268952 0.000001
0.274095 0.000001
0.274095 0.000001
0.284381 0.000001
0.301333 0.000001
0.301333 0.000001
0.302286 0.000001
0.320190 0.000001
0.320381 0.000001
0.320381 0.000001
0.336190 0.000001
0.337333 0.000001
0.346286 0.000001
0.346667 0.000001
0.372000 0.000001
0.375810 0.000001
0.380000 0.000001
0.380381 0.000001
0.384000 0.000001
0.384571 0.000001
0.390095 0.000001
0.392000 0.000001
0.404190 0.000001
0.417714 0.000001
0.435810 0.000001
0.440952 0.000002
0.450476 0.000002
0.452571 0.000002
0.458095 0.000002
0.469143 0.000002
0.471619 0.000002
0.487238 0.000002
0.508381 0.000002
0.514476 0.000002
0.519810 0.000002
0.524952 0.000002
0.532952 0.000002
0.543238 0.000002
0.546857 0.000002
0.555238 0.000002
0.564381 0.000003
0.565524 0.000003
0.574667 0.000003
0.575810 0.000003
0.584190 0.000003
0.584571 0.000003
0.591238 0.000003
0.595619 0.000003
0.607429 0.000003
0.611619 0.000003
0.619429 0.000004
0.628381 0.000004
0.634095 0.000004
0.644952 0.000004
0.656952 0.000004
0.662476 0.000004
0.664000 0.000004
0.672000 0.000005
0.672571 0.000005
0.679810 0.000005
0.687619 0.000005
0.690857 0.000005
0.702857 0.000005
0.708381 0.000006
0.715619 0.000006
0.720190 0.000006
0.723429 0.000006
0.730286 0.000006
0.735429 0.000007
0.737143 0.000007
0.741714 0.000007
0.745333 0.000007
0.750286 0.000008
0.756952 0.000008
0.763619 0.000008
0.768000 0.000009
0.773143 0.000009
0.780952 0.000009
0.785714 0.000009
0.792381 0.000010
0.797333 0.000010
0.802857 0.000010
0.808571 0.000011
0.813905 0.000011
0.818857 0.000012
0.824000 0.000012
0.830095 0.000012
0.835429 0.000013
0.842857 0.000013
0.846095 0.000014
0.852190 0.000014
0.856381 0.000015
0.861333 0.000015
0.865524 0.000016
0.870857 0.000016
0.875048 0.000017
0.880000 0.000018
0.881905 0.000018
0.885905 0.000019
0.889714 0.000019
0.893143 0.000020
0.895429 0.000021
0.898286 0.000022
0.901905 0.000022
0.906857 0.000023
0.909524 0.000024
0.913905 0.000025
0.918286 0.000026
0.921714 0.000026
0.925333 0.000027
0.927810 0.000028
0.931429 0.000029
0.935238 0.000030
0.937714 0.000031
0.939810 0.000033
0.942476 0.000034
0.943619 0.000035
0.944762 0.000036
0.947810 0.000037
0.950667 0.000039
0.952381 0.000040
0.954476 0.000041
0.956381 0.000043
0.959238 0.000044
0.961524 0.000046
0.962667 0.000047
0.964190 0.000049
0.966667 0.000051
0.967238 0.000053
0.968000 0.000054
0.968762 0.000056
0.970667 0.000058
0.972000 0.000060
0.972762 0.000062
0.974286 0.000065
0.976000 0.000067
0.978095 0.000069
0.978476 0.000072
0.979048 0.000074
0.980190 0.000077
0.981905 0.000079
0.983048 0.000082
0.984381 0.000085
0.985714 0.000088
0.986286 0.000091
0.987048 0.000094
0.988190 0.000098
0.989333 0.000101
0.989524 0.000104
0.989905 0.000108
0.989905 0.000112
0.990476 0.000116
0.991810 0.000120
0.992571 0.000124
0.992762 0.000128
0.993143 0.000133
0.993524 0.000137
0.993714 0.000142
0.994286 0.000147
0.994857 0.000152
0.995238 0.000158
0.995429 0.000163
0.995619 0.000169
0.996000 0.000175
0.996190 0.000181
0.996190 0.000187
0.996190 0.000194
0.996190 0.000201
0.996381 0.000208
0.996952 0.000215
0.997524 0.000222
0.997524 0.000230
0.997714 0.000238
0.997905 0.000246
0.997905 0.000255
0.998095 0.000264
0.998286 0.000273
0.998476 0.000283
0.998476 0.000293
0.998476 0.000303
0.998667 0.000313
0.998857 0.000324
0.998857 0.000336
0.998857 0.000347
0.998857 0.000360
0.998857 0.000372
0.998857 0.000385
0.998857 0.000399
0.998857 0.000412
0.998857 0.000427
0.998857 0.000442
0.998857 0.000457
0.998857 0.000473
0.998857 0.000490
0.998857 0.000507
0.999048 0.000524
0.999048 0.000543
0.999048 0.000562
0.999048 0.000581
0.999048 0.000602
0.999238 0.000623
0.999238 0.000644
0.999238 0.000667
0.999238 0.000690
0.999238 0.000714
0.999238 0.000739
0.999238 0.000765
0.999238 0.000792
0.999238 0.000820
0.999238 0.000848
0.999238 0.000878
0.999238 0.000908
0.999238 0.000940
0.999238 0.000973
0.999238 0.001007
0.999238 0.001042
0.999238 0.001079
0.999238 0.001116
0.999238 0.001155
0.999238 0.001196
0.999238 0.001237
0.999238 0.001281
0.999238 0.001325
0.999238 0.001372
0.999238 0.001419
0.999238 0.001469
0.999238 0.001520
0.999238 0.001573
0.999238 0.001628
0.999238 0.001685
0.999238 0.001744
0.999238 0.001805
0.999238 0.001868
0.999238 0.001933
0.999238 0.002001
0.999238 0.002071
0.999238 0.002143
0.999238 0.002218
0.999238 0.002296
0.999238 0.002376
0.999238 0.002459
0.999429 0.002545
0.999429 0.002633
0.999429 0.002725
0.999429 0.002821
0.999429 0.002919
0.999429 0.003021
0.999429 0.003127
0.999429 0.003236
0.999429 0.003349
0.999429 0.003466
0.999429 0.003587
0.999429 0.003712
0.999429 0.003842
0.999429 0.003976
0.999429 0.004115
0.999429 0.004259
0.999429 0.004407
0.999429 0.004561
0.999429 0.004721
0.999429 0.004885
0.999429 0.005056
0.999429 0.005233
0.999429 0.005415
0.999429 0.005605
0.999429 0.005800
0.999429 0.006003
0.999429 0.006213
0.999429 0.006430
0.999429 0.006654
0.999429 0.006887
0.999429 0.007127
0.999429 0.007376
0.999429 0.007634
0.999429 0.007900
0.999429 0.008176
0.999429 0.008462
0.999429 0.008757
0.999429 0.009063
0.999429 0.009380
0.999429 0.009708
0.999429 0.010047
0.999429 0.010398
0.999429 0.010761
0.999429 0.011137
0.999429 0.011526
0.999429 0.011928
0.999429 0.012345
0.999429 0.012776
0.999429 0.013222
0.999429 0.013684
0.999429 0.014162
0.999429 0.014657
0.999429 0.015169
0.999429 0.015698
0.999429 0.016247
0.999619 0.016814
0.999619 0.017401
0.999619 0.018009
0.999619 0.018638
0.999619 0.019289
0.999619 0.019963
0.999619 0.020660
0.999619 0.021382
0.999619 0.022129
0.999619 0.022902
0.999619 0.023702
0.999619 0.024529
0.999619 0.025386
0.999619 0.026273
0.999619 0.027191
0.999619 0.028140
0.999619 0.029123
0.999619 0.030140
0.999619 0.031193
0.999619 0.032283
0.999619 0.033410
0.999619 0.034577
0.999619 0.035785
0.999619 0.037035
0.999619 0.038329
0.999619 0.039667
0.999619 0.041053
0.999619 0.042487
0.999619 0.043971
0.999619 0.045507
0.999619 0.047096
0.999619 0.048741
0.999619 0.050443
0.999619 0.052205
0.999619 0.054029
0.999619 0.055916
0.999619 0.057869
0.999619 0.059890
0.999619 0.061982
0.999619 0.064147
0.999619 0.066388
0.999619 0.068706
0.999619 0.071106
0.999619 0.073590
0.999619 0.076160
0.999619 0.078820
0.999619 0.081573
0.999619 0.084423
0.999619 0.087371
0.999619 0.090423
0.999619 0.093581
0.999619 0.096850
0.999619 0.100233
0.999619 0.103734
0.999619 0.107357
0.999619 0.111107
0.999619 0.114988
0.999619 0.119004
0.999619 0.123161
0.999619 0.127463
0.999619 0.131915
0.999619 0.136522
0.999619 0.141291
0.999619 0.146226
0.999619 0.151333
0.999619 0.156619
0.999619 0.162089
0.999619 0.167751
0.999619 0.173610
0.999619 0.179674
0.999619 0.185950
0.999619 0.192445
0.999619 0.199166
0.999619 0.206123
0.999619 0.213323
0.999619 0.220774
0.999619 0.228485
0.999619 0.236465
0.999619 0.244725
0.999619 0.253273
0.999619 0.262119
0.999619 0.271274
0.999619 0.280750
0.999619 0.290556
0.999619 0.300704
0.999619 0.311208
0.999619 0.322077
0.999619 0.333327
0.999619 0.344970
0.999619 0.357019
0.999619 0.369489
0.999619 0.382395
0.999619 0.395751
0.999619 0.409574
0.999619 0.423880
0.999619 0.438685
0.999619 0.454008
0.999619 0.469865
0.999619 0.486277
0.999619 0.503262
0.999619 0.520840
0.999619 0.539032
0.999619 0.557860
0.999619 0.577345
0.999619 0.597511
0.999619 0.618381
0.999619 0.639980
0.999619 0.662333
0.999619 0.685467
0.999619 0.709410
0.999619 0.734188
0.999619 0.759832
0.999619 0.786372
0.999619 0.813839
0.999619 0.842265
0.999619 0.871683
0.999619 0.902130
0.999619 0.933640
0.999619 0.966250
1.000000 1.000000
