0.000571 0.000000
0.000571 0.000000
0.000571 0.000000
0.000571 0.000000
0.000571 0.000000
0.000571 0.000000
0.000571 0.000000
0.000571 0.000000
0.000571 0.000000
0.000571 0.000000
0.000571 0.000000
0.000571 0.000000
0.000571 0.000000
0.000571 0.000000
0.000571 0.000000
0.000571 0.000000
0.000571 0.000000
0.000571 0.000000
0.000571 0.000000
0.000571 0.000000
0.000571 0.000000
0.000571 0.000000
0.000571 0.000000
0.000571 0.000000
0.000571 0.000000
0.000571 0.000000
0.000571 0.000000
0.000762 0.000000
0.000762 0.000000
0.000762 0.000000
0.000762 0.000000
0.000762 0.000000
0.000762 0.000000
0.000762 0.000000
0.000762 0.000000
0.000762 0.000000
0.000762 0.000000
0.001143 0.000000
0.001143 0.000000
0.001143 0.000000
0.001143 0.000000
0.001143 0.000000
0.001143 0.000000
0.001143 0.000000
0.001143 0.000000
0.001143 0.000000
0.001143 0.000000
0.001143 0.000000
0.001143 0.000000
0.001143 0.000000
0.001714 0.000000
0.001714 0.000000
0.001714 0.000000
0.001714 0.000000
0.001714 0.000000
0.001905 0.000000
0.001905 0.000000
0.001905 0.000000
0.001905 0.000000
0.002667 0.000000
0.002667 0.000000
0.002667 0.000000
0.002667 0.000000
0.002857 0.000000
0.002857 0.000000
0.002857 0.000000
0.002857 0.000000
0.002857 0.000000
0.002857 0.000000
0.002857 0.000000
0.002857 0.000000
0.002857 0.000000
0.003238 0.000000
0.003238 0.000000
0.003619 0.000000
0.003619 0.000000
0.004000 0.000001
0.004000 0.000001
0.004000 0.000001
0.004000 0.000001
0.004381 0.000001
0.004381 0.000001
0.005143 0.000001
0.005143 0.000001
0.005143 0.000001
0.005143 0.000001
0.005143 0.000001
0.005143 0.000001
0.005143 0.000001
0.005143 0.000001
0.005143 0.000001
0.005143 0.000001
0.005143 0.000001
0.005143 0.000001
0.005143 0.000001
0.005143 0.000001
0.005143 0.000001
0.005143 0.000001
0.005333 0.000001
0.006286 0.000001
0.006286 0.000001
0.006286 0.000001
0.006476 0.000001
0.007048 0.000001
0.007048 0.000001
0.007619 0.000001
0.007810 0.000001
0.008000 0.000001
0.008190 0.000001
0.008381 0.000002
0.008571 0.000002
0.008571 0.000002
0.008762 0.000002
0.008952 0.000002
0.009143 0.000002
0.009333 0.000002
0.009714 0.000002
0.009905 0.000002
0.009905 0.000002
0.010476 0.000002
0.010476 0.000002
0.010857 0.000002
0.010857 0.000002
0.011429 0.000002
0.012000 0.000003
0.012000 0.000003
0.012190 0.000003
0.012381 0.000003
0.012571 0.000003
0.012952 0.000003
0.013905 0.000003
0.014476 0.000003
0.014857 0.000003
0.015619 0.000003
0.016000 0.000004
0.016571 0.000004
0.018476 0.000004
0.019619 0.000004
0.020571 0.000004
0.020952 0.000004
0.021524 0.000004
0.022286 0.000005
0.022286 0.000005
0.022857 0.000005
0.022857 0.000005
0.023429 0.000005
0.024190 0.000005
0.025143 0.000006
0.026286 0.000006
0.026667 0.000006
0.027048 0.000006
0.028000 0.000006
0.029524 0.000007
0.030095 0.000007
0.030286 0.000007
0.031238 0.000007
0.031619 0.000008
0.032381 0.000008
0.033143 0.000008
0.033333 0.000009
0.034476 0.000009
0.035619 0.000009
0.036762 0.000009
0.037905 0.000010
0.039238 0.000010
0.040381 0.000010
0.041143 0.000011
0.042476 0.000011
0.042857 0.000012
0.044952 0.000012
0.047238 0.000012
0.048762 0.000013
0.050286 0.000013
0.052952 0.000014
0.054476 0.000014
0.055810 0.000015
0.056762 0.000015
0.058095 0.000016
0.059429 0.000016
0.061333 0.000017
0.063810 0.000018
0.064762 0.000018
0.066095 0.000019
0.066857 0.000019
0.068381 0.000020
0.070857 0.000021
0.071810 0.000022
0.075238 0.000022
0.076762 0.000023
0.080000 0.000024
0.081524 0.000025
0.083810 0.000026
0.085333 0.000026
0.088000 0.000027
0.089905 0.000028
0.092000 0.000029
0.093714 0.000030
0.094476 0.000031
0.095619 0.000033
0.098667 0.000034
0.100381 0.000035
0.102857 0.000036
0.104571 0.000037
0.108762 0.000039
0.112952 0.000040
0.115238 0.000041
0.117714 0.000043
0.120571 0.000044
0.123048 0.000046
0.127238 0.000047
0.129143 0.000049
0.132000 0.000051
0.135619 0.000053
0.140762 0.000054
0.144190 0.000056
0.149143 0.000058
0.152571 0.000060
0.154667 0.000062
0.159048 0.000065
0.163048 0.000067
0.166857 0.000069
0.171619 0.000072
0.177714 0.000074
0.183810 0.000077
0.188000 0.000079
0.191048 0.000082
0.194286 0.000085
0.199238 0.000088
0.204952 0.000091
0.211048 0.000094
0.217524 0.000098
0.223238 0.000101
0.228381 0.000104
0.232571 0.000108
0.237714 0.000112
0.243048 0.000116
0.248000 0.000120
0.255048 0.000124
0.259238 0.000128
0.264571 0.000133
0.270857 0.000137
0.276381 0.000142
0.281714 0.000147
0.288190 0.000152
0.293143 0.000158
0.299619 0.000163
0.306095 0.000169
0.314286 0.000175
0.321333 0.000181
0.327810 0.000187
0.336190 0.000194
0.343429 0.000201
0.350667 0.000208
0.355810 0.000215
0.365143 0.000222
0.371429 0.000230
0.381143 0.000238
0.390286 0.000246
0.396190 0.000255
0.404000 0.000264
0.410286 0.000273
0.415810 0.000283
0.422286 0.000293
0.428762 0.000303
0.435619 0.000313
0.445143 0.000324
0.450857 0.000336
0.458667 0.000347
0.467619 0.000360
0.476952 0.000372
0.486476 0.000385
0.496000 0.000399
0.504952 0.000412
0.513905 0.000427
0.521524 0.000442
0.530857 0.000457
0.540952 0.000473
0.552381 0.000490
0.559810 0.000507
0.568000 0.000524
0.574667 0.000543
0.584381 0.000562
0.595429 0.000581
0.604952 0.000602
0.616000 0.000623
0.626857 0.000644
0.634095 0.000667
0.644000 0.000690
0.652190 0.000714
0.661524 0.000739
0.672000 0.000765
0.682095 0.000792
0.690095 0.000820
0.698857 0.000848
0.707810 0.000878
0.716000 0.000908
0.724190 0.000940
0.733524 0.000973
0.742095 0.001007
0.750667 0.001042
0.761143 0.001079
0.768571 0.001116
0.777333 0.001155
0.784571 0.001196
0.792762 0.001237
0.800762 0.001281
0.808381 0.001325
0.814667 0.001372
0.821524 0.001419
0.828762 0.001469
0.834095 0.001520
0.841524 0.001573
0.848571 0.001628
0.854857 0.001685
0.862095 0.001744
0.869714 0.001805
0.877714 0.001868
0.882286 0.001933
0.886095 0.002001
0.891048 0.002071
0.895048 0.002143
0.901143 0.002218
0.906857 0.002296
0.913333 0.002376
0.920190 0.002459
0.925333 0.002545
0.929905 0.002633
0.935048 0.002725
0.938857 0.002821
0.942857 0.002919
0.946476 0.003021
0.950095 0.003127
0.953905 0.003236
0.957143 0.003349
0.960190 0.003466
0.962667 0.003587
0.967810 0.003712
0.969333 0.003842
0.973143 0.003976
0.975048 0.004115
0.977714 0.004259
0.979619 0.004407
0.981143 0.004561
0.983429 0.004721
0.984952 0.004885
0.986095 0.005056
0.986857 0.005233
0.988190 0.005415
0.989524 0.005605
0.991048 0.005800
0.992000 0.006003
0.992000 0.006213
0.992381 0.006430
0.993143 0.006654
0.993905 0.006887
0.994095 0.007127
0.994667 0.007376
0.995619 0.007634
0.996381 0.007900
0.996952 0.008176
0.996952 0.008462
0.996952 0.008757
0.997143 0.009063
0.997333 0.009380
0.997524 0.009708
0.997714 0.010047
0.997905 0.010398
0.998476 0.010761
0.998476 0.011137
0.998476 0.011526
0.998476 0.011928
0.998667 0.012345
0.998667 0.012776
0.998857 0.013222
0.999048 0.013684
0.999048 0.014162
0.999048 0.014657
0.999048 0.015169
0.999048 0.015698
0.999048 0.016247
0.999048 0.016814
0.999048 0.017401
0.999048 0.018009
0.999238 0.018638
0.999238 0.019289
0.999238 0.019963
0.999238 0.020660
0.999238 0.021382
0.999238 0.022129
0.999238 0.022902
0.999238 0.023702
0.999238 0.024529
0.999238 0.025386
0.999238 0.026273
0.999238 0.027191
0.999238 0.028140
0.999238 0.029123
0.999238 0.030140
0.999238 0.031193
0.999238 0.032283
0.999238 0.033410
0.999238 0.034577
0.999238 0.035785
0.999238 0.037035
0.999238 0.038329
0.999238 0.039667
0.999238 0.041053
0.999238 0.042487
0.999238 0.043971
0.999429 0.045507
0.999429 0.047096
0.999429 0.048741
0.999429 0.050443
0.999429 0.052205
0.999429 0.054029
0.999429 0.055916
0.999429 0.057869
0.999429 0.059890
0.999429 0.061982
0.999429 0.064147
0.999429 0.066388
0.999429 0.068706
0.999429 0.071106
0.999429 0.073590
0.999429 0.076160
0.999619 0.078820
0.999619 0.081573
0.999619 0.084423
0.999619 0.087371
0.999619 0.090423
0.999619 0.093581
0.999619 0.096850
0.999619 0.100233
0.999619 0.103734
0.999619 0.107357
0.999619 0.111107
0.999619 0.114988
0.999810 0.119004
0.999810 0.123161
0.999810 0.127463
0.999810 0.131915
0.999810 0.136522
0.999810 0.141291
0.999810 0.146226
0.999810 0.151333
0.999810 0.156619
0.999810 0.162089
0.999810 0.167751
0.999810 0.173610
0.999810 0.179674
0.999810 0.185950
0.999810 0.192445
0.999810 0.199166
0.999810 0.206123
0.999810 0.213323
0.999810 0.220774
0.999810 0.228485
0.999810 0.236465
0.999810 0.244725
0.999810 0.253273
0.999810 0.262119
0.999810 0.271274
0.999810 0.280750
0.999810 0.290556
0.999810 0.300704
0.999810 0.311208
0.999810 0.322077
0.999810 0.333327
0.999810 0.344970
0.999810 0.357019
0.999810 0.369489
0.999810 0.382395
0.999810 0.395751
0.999810 0.409574
0.999810 0.423880
0.999810 0.438685
0.999810 0.454008
0.999810 0.469865
0.999810 0.486277
0.999810 0.503262
0.999810 0.520840
0.999810 0.539032
0.999810 0.557860
0.999810 0.577345
0.999810 0.597511
0.999810 0.618381
0.999810 0.639980
0.999810 0.662333
0.999810 0.685467
0.999810 0.709410
0.999810 0.734188
0.999810 0.759832
0.999810 0.786372
0.999810 0.813839
0.999810 0.842265
0.999810 0.871683
0.999810 0.902130
0.999810 0.933640
0.999810 0.966250
1.000000 1.000000
