0.010857 0.000000
0.010857 0.000000
0.010857 0.000000
0.010857 0.000000
0.010857 0.000000
0.010857 0.000000
0.010857 0.000000
0.010857 0.000000
0.010857 0.000000
0.010857 0.000000
0.010857 0.000000
0.010857 0.000000
0.011238 0.000000
0.011238 0.000000
0.011238 0.000000
0.011238 0.000000
0.011238 0.000000
0.011238 0.000000
0.011238 0.000000
0.011238 0.000000
0.011238 0.000000
0.011238 0.000000
0.011238 0.000000
0.011238 0.000000
0.011238 0.000000
0.011238 0.000000
0.011238 0.000000
0.012190 0.000000
0.012190 0.000000
0.012190 0.000000
0.012190 0.000000
0.012190 0.000000
0.012190 0.000000
0.012190 0.000000
0.012190 0.000000
0.012190 0.000000
0.012190 0.000000
0.012381 0.000000
0.012381 0.000000
0.012381 0.000000
0.012381 0.000000
0.012381 0.000000
0.012381 0.000000
0.012381 0.000000
0.013714 0.000000
0.013714 0.000000
0.013714 0.000000
0.013714 0.000000
0.013714 0.000000
0.013714 0.000000
0.014476 0.000000
0.014476 0.000000
0.014476 0.000000
0.014476 0.000000
0.014476 0.000000
0.033905 0.000000
0.033905 0.000000
0.033905 0.000000
0.033905 0.000000
0.036381 0.000000
0.036381 0.000000
0.036381 0.000000
0.036381 0.000000
0.040952 0.000000
0.040952 0.000000
0.040952 0.000000
0.041143 0.000000
0.041143 0.000000
0.041143 0.000000
0.041143 0.000000
0.041143 0.000000
0.041143 0.000000
0.042857 0.000000
0.042857 0.000000
0.046286 0.000000
0.046286 0.000000
0.051048 0.000001
0.051048 0.000001
0.052952 0.000001
0.052952 0.000001
0.052952 0.000001
0.052952 0.000001
0.054286 0.000001
0.054286 0.000001
0.057905 0.000001
0.059048 0.000001
0.059048 0.000001
0.059429 0.000001
0.060381 0.000001
0.060381 0.000001
0.062095 0.000001
0.062857 0.000001
0.066095 0.000001
0.066095 0.000001
0.066857 0.000001
0.073333 0.000001
0.074667 0.000001
0.074857 0.000001
0.078286 0.000001
0.078476 0.000001
0.080190 0.000001
0.080571 0.000001
0.081333 0.000001
0.081524 0.000001
0.082667 0.000001
0.084381 0.000001
0.084571 0.000001
0.084952 0.000001
0.093905 0.000001
0.094286 0.000002
0.103429 0.000002
0.104000 0.000002
0.105524 0.000002
0.106857 0.000002
0.107238 0.000002
0.108762 0.000002
0.111429 0.000002
0.113714 0.000002
0.115810 0.000002
0.117333 0.000002
0.123810 0.000002
0.126667 0.000002
0.131429 0.000002
0.136762 0.000002
0.139429 0.000003
0.140381 0.000003
0.140952 0.000003
0.143238 0.000003
0.150095 0.000003
0.152190 0.000003
0.154286 0.000003
0.154857 0.000003
0.160762 0.000003
0.164571 0.000003
0.168762 0.000004
0.170095 0.000004
0.174667 0.000004
0.178667 0.000004
0.181333 0.000004
0.184762 0.000004
0.191238 0.000004
0.196762 0.000005
0.198667 0.000005
0.203048 0.000005
0.204952 0.000005
0.206095 0.000005
0.208000 0.000005
0.214476 0.000006
0.217143 0.000006
0.221524 0.000006
0.226095 0.000006
0.227238 0.000006
0.232190 0.000007
0.237143 0.000007
0.241524 0.000007
0.245524 0.000007
0.247810 0.000008
0.255810 0.000008
0.260190 0.000008
0.265143 0.000009
0.272952 0.000009
0.279048 0.000009
0.283429 0.000009
0.287429 0.000010
0.293714 0.000010
0.298667 0.000010
0.304952 0.000011
0.309524 0.000011
0.315619 0.000012
0.324952 0.000012
0.339619 0.000012
0.344762 0.000013
0.351048 0.000013
0.357714 0.000014
0.364381 0.000014
0.372762 0.000015
0.381905 0.000015
0.387048 0.000016
0.398095 0.000016
0.402857 0.000017
0.408000 0.000018
0.416952 0.000018
0.426286 0.000019
0.435429 0.000019
0.441333 0.000020
0.448952 0.000021
0.458286 0.000022
0.467048 0.000022
0.474857 0.000023
0.478095 0.000024
0.488190 0.000025
0.495619 0.000026
0.502286 0.000026
0.509333 0.000027
0.515048 0.000028
0.524762 0.000029
0.529905 0.000030
0.539429 0.000031
0.544381 0.000033
0.548952 0.000034
0.557333 0.000035
0.566667 0.000036
0.573905 0.000037
0.580571 0.000039
0.591619 0.000040
0.599048 0.000041
0.606667 0.000043
0.614667 0.000044
0.623619 0.000046
0.633333 0.000047
0.641143 0.000049
0.647238 0.000051
0.655048 0.000053
0.662667 0.000054
0.670095 0.000056
0.676952 0.000058
0.683429 0.000060
0.692000 0.000062
0.697143 0.000065
0.707429 0.000067
0.713714 0.000069
0.721143 0.000072
0.727048 0.000074
0.734667 0.000077
0.741143 0.000079
0.745524 0.000082
0.752762 0.000085
0.759619 0.000088
0.766286 0.000091
0.774857 0.000094
0.778857 0.000098
0.784381 0.000101
0.788952 0.000104
0.795429 0.000108
0.801143 0.000112
0.808000 0.000116
0.813143 0.000120
0.817524 0.000124
0.821333 0.000128
0.827619 0.000133
0.832190 0.000137
0.837143 0.000142
0.842476 0.000147
0.846857 0.000152
0.852952 0.000158
0.857333 0.000163
0.864190 0.000169
0.869524 0.000175
0.874095 0.000181
0.879048 0.000187
0.882857 0.000194
0.886286 0.000201
0.892381 0.000208
0.896381 0.000215
0.899429 0.000222
0.907048 0.000230
0.911238 0.000238
0.914476 0.000246
0.918476 0.000255
0.921333 0.000264
0.925143 0.000273
0.929714 0.000283
0.933524 0.000293
0.937905 0.000303
0.940952 0.000313
0.944571 0.000324
0.947048 0.000336
0.949714 0.000347
0.950667 0.000360
0.953714 0.000372
0.956952 0.000385
0.958857 0.000399
0.961143 0.000412
0.963619 0.000427
0.964952 0.000442
0.967048 0.000457
0.969714 0.000473
0.970857 0.000490
0.973143 0.000507
0.973905 0.000524
0.976381 0.000543
0.978095 0.000562
0.979619 0.000581
0.980571 0.000602
0.982667 0.000623
0.984571 0.000644
0.985333 0.000667
0.985714 0.000690
0.986095 0.000714
0.987048 0.000739
0.988000 0.000765
0.989143 0.000792
0.989714 0.000820
0.989905 0.000848
0.990286 0.000878
0.991238 0.000908
0.991429 0.000940
0.992762 0.000973
0.993714 0.001007
0.994667 0.001042
0.995429 0.001079
0.995619 0.001116
0.996000 0.001155
0.996571 0.001196
0.996571 0.001237
0.997143 0.001281
0.997333 0.001325
0.997524 0.001372
0.997524 0.001419
0.997905 0.001469
0.998095 0.001520
0.998095 0.001573
0.998095 0.001628
0.998286 0.001685
0.998476 0.001744
0.998476 0.001805
0.998667 0.001868
0.998667 0.001933
0.998667 0.002001
0.998667 0.002071
0.998667 0.002143
0.998667 0.002218
0.998667 0.002296
0.998667 0.002376
0.998667 0.002459
0.998857 0.002545
0.998857 0.002633
0.998857 0.002725
0.998857 0.002821
0.998857 0.002919
0.999048 0.003021
0.999048 0.003127
0.999048 0.003236
0.999048 0.003349
0.999048 0.003466
0.999048 0.003587
0.999048 0.003712
0.999048 0.003842
0.999048 0.003976
0.999048 0.004115
0.999048 0.004259
0.999048 0.004407
0.999048 0.004561
0.999238 0.004721
0.999238 0.004885
0.999238 0.005056
0.999238 0.005233
0.999238 0.005415
0.999238 0.005605
0.999238 0.005800
0.999238 0.006003
0.999238 0.006213
0.999238 0.006430
0.999238 0.006654
0.999238 0.006887
0.999238 0.007127
0.999238 0.007376
0.999238 0.007634
0.999238 0.007900
0.999238 0.008176
0.999238 0.008462
0.999238 0.008757
0.999238 0.009063
0.999238 0.009380
0.999238 0.009708
0.999238 0.010047
0.999238 0.010398
0.999238 0.010761
0.999238 0.011137
0.999238 0.011526
0.999238 0.011928
0.999238 0.012345
0.999238 0.012776
0.999238 0.013222
0.999238 0.013684
0.999429 0.014162
0.999429 0.014657
0.999429 0.015169
0.999429 0.015698
0.999429 0.016247
0.999429 0.016814
0.999429 0.017401
0.999429 0.018009
0.999429 0.018638
0.999429 0.019289
0.999429 0.019963
0.999429 0.020660
0.999429 0.021382
0.999429 0.022129
0.999429 0.022902
0.999429 0.023702
0.999429 0.024529
0.999429 0.025386
0.999429 0.026273
0.999429 0.027191
0.999429 0.028140
0.999429 0.029123
0.999429 0.030140
0.999429 0.031193
0.999429 0.032283
0.999429 0.033410
0.999429 0.034577
0.999429 0.035785
0.999429 0.037035
0.999429 0.038329
0.999429 0.039667
0.999429 0.041053
0.999429 0.042487
0.999429 0.043971
0.999429 0.045507
0.999429 0.047096
0.999619 0.048741
0.999619 0.050443
0.999810 0.052205
0.999810 0.054029
0.999810 0.055916
0.999810 0.057869
0.999810 0.059890
0.999810 0.061982
0.999810 0.064147
0.999810 0.066388
0.999810 0.068706
0.999810 0.071106
0.999810 0.073590
0.999810 0.076160
0.999810 0.078820
0.999810 0.081573
0.999810 0.084423
0.999810 0.087371
0.999810 0.090423
0.999810 0.093581
0.999810 0.096850
0.999810 0.100233
0.999810 0.103734
0.999810 0.107357
0.999810 0.111107
0.999810 0.114988
0.999810 0.119004
0.999810 0.123161
0.999810 0.127463
0.999810 0.131915
0.999810 0.136522
0.999810 0.141291
0.999810 0.146226
0.999810 0.151333
0.999810 0.156619
0.999810 0.162089
0.999810 0.167751
0.999810 0.173610
0.999810 0.179674
0.999810 0.185950
0.999810 0.192445
0.999810 0.199166
0.999810 0.206123
0.999810 0.213323
0.999810 0.220774
0.999810 0.228485
0.999810 0.236465
0.999810 0.244725
0.999810 0.253273
0.999810 0.262119
0.999810 0.271274
0.999810 0.280750
0.999810 0.290556
0.999810 0.300704
0.999810 0.311208
0.999810 0.322077
0.999810 0.333327
0.999810 0.344970
0.999810 0.357019
0.999810 0.369489
0.999810 0.382395
0.999810 0.395751
0.999810 0.409574
0.999810 0.423880
0.999810 0.438685
0.999810 0.454008
0.999810 0.469865
0.999810 0.486277
0.999810 0.503262
0.999810 0.520840
0.999810 0.539032
0.999810 0.557860
0.999810 0.577345
0.999810 0.597511
0.999810 0.618381
0.999810 0.639980
0.999810 0.662333
0.999810 0.685467
0.999810 0.709410
0.999810 0.734188
0.999810 0.759832
0.999810 0.786372
0.999810 0.813839
0.999810 0.842265
0.999810 0.871683
0.999810 0.902130
0.999810 0.933640
0.999810 0.966250
1.000000 1.000000
