0.000000 0.000000
0.000000 0.000000
0.000000 0.000000
0.000000 0.000000
0.000000 0.000000
0.000000 0.000000
0.000000 0.000000
0.000000 0.000000
0.000000 0.000000
0.000000 0.000000
0.000000 0.000000
0.000000 0.000000
0.000000 0.000000
0.000000 0.000000
0.000000 0.000000
0.000000 0.000000
0.000000 0.000000
0.000000 0.000000
0.000000 0.000000
0.000000 0.000000
0.000000 0.000000
0.000000 0.000000
0.000000 0.000000
0.000000 0.000000
0.000000 0.000000
0.000000 0.000000
0.000000 0.000000
0.000000 0.000000
0.000000 0.000000
0.000000 0.000000
0.000000 0.000000
0.000000 0.000000
0.000000 0.000000
0.000000 0.000000
0.000000 0.000000
0.000000 0.000000
0.000000 0.000000
0.000000 0.000000
0.000000 0.000000
0.000000 0.000000
0.000000 0.000000
0.000000 0.000000
0.000000 0.000000
0.000000 0.000000
0.000000 0.000000
0.000000 0.000000
0.000000 0.000000
0.000000 0.000000
0.000000 0.000000
0.000000 0.000000
0.000000 0.000000
0.000000 0.000000
0.000000 0.000000
0.000000 0.000000
0.000000 0.000000
0.000000 0.000000
0.000000 0.000000
0.000000 0.000000
0.000000 0.000000
0.000000 0.000000
0.000000 0.000000
0.000000 0.000000
0.000000 0.000000
0.000000 0.000000
0.000000 0.000000
0.000000 0.000000
0.000000 0.000000
0.000000 0.000000
0.000000 0.000000
0.000000 0.000000
0.000000 0.000000
0.000000 0.000000
0.000000 0.000000
0.000000 0.000000
0.000000 0.000000
0.000000 0.000000
0.000000 0.000001
0.000000 0.000001
0.000000 0.000001
0.000000 0.000001
0.000000 0.000001
0.000000 0.000001
0.000000 0.000001
0.000000 0.000001
0.000000 0.000001
0.000000 0.000001
0.000000 0.000001
0.000000 0.000001
0.000000 0.000001
0.000000 0.000001
0.000000 0.000001
0.000000 0.000001
0.000000 0.000001
0.000000 0.000001
0.000000 0.000001
0.000000 0.000001
0.000000 0.000001
0.000000 0.000001
0.000000 0.000001
0.000000 0.000001
0.000000 0.000001
0.000000 0.000001
0.000000 0.000001
0.000000 0.000001
0.000000 0.000001
0.000000 0.000001
0.000000 0.000001
0.000000 0.000001
0.000000 0.000001
0.000000 0.000002
0.000000 0.000002
0.000000 0.000002
0.000000 0.000002
0.000000 0.000002
0.000000 0.000002
0.000000 0.000002
0.000000 0.000002
0.000000 0.000002
0.000000 0.000002
0.000000 0.000002
0.000000 0.000002
0.000000 0.000002
0.000000 0.000002
0.000000 0.000002
0.000000 0.000003
0.000000 0.000003
0.000000 0.000003
0.000000 0.000003
0.000000 0.000003
0.000000 0.000003
0.000000 0.000003
0.000000 0.000003
0.000000 0.000003
0.000000 0.000003
0.000000 0.000004
0.000000 0.000004
0.000000 0.000004
0.000000 0.000004
0.000000 0.000004
0.000190 0.000004
0.000190 0.000004
0.000190 0.000005
0.000190 0.000005
0.000190 0.000005
0.000190 0.000005
0.000190 0.000005
0.000190 0.000005
0.000190 0.000006
0.000190 0.000006
0.000190 0.000006
0.000190 0.000006
0.000190 0.000006
0.000190 0.000007
0.000190 0.000007
0.000381 0.000007
0.000381 0.000007
0.000381 0.000008
0.000381 0.000008
0.000381 0.000008
0.000571 0.000009
0.000571 0.000009
0.000571 0.000009
0.000571 0.000009
0.000571 0.000010
0.000762 0.000010
0.000762 0.000010
0.000762 0.000011
0.000952 0.000011
0.000952 0.000012
0.000952 0.000012
0.000952 0.000012
0.000952 0.000013
0.000952 0.000013
0.000952 0.000014
0.000952 0.000014
0.000952 0.000015
0.000952 0.000015
0.001143 0.000016
0.001143 0.000016
0.001143 0.000017
0.001143 0.000018
0.001143 0.000018
0.001143 0.000019
0.001333 0.000019
0.001524 0.000020
0.001524 0.000021
0.001524 0.000022
0.001524 0.000022
0.001714 0.000023
0.001714 0.000024
0.001714 0.000025
0.001714 0.000026
0.001714 0.000026
0.001905 0.000027
0.001905 0.000028
0.001905 0.000029
0.001905 0.000030
0.002095 0.000031
0.002286 0.000033
0.002286 0.000034
0.002286 0.000035
0.002286 0.000036
0.002286 0.000037
0.002286 0.000039
0.002286 0.000040
0.002286 0.000041
0.002286 0.000043
0.002476 0.000044
0.002667 0.000046
0.002667 0.000047
0.002667 0.000049
0.002857 0.000051
0.002857 0.000053
0.003048 0.000054
0.003048 0.000056
0.003238 0.000058
0.003429 0.000060
0.003429 0.000062
0.003429 0.000065
0.003810 0.000067
0.004190 0.000069
0.004381 0.000072
0.004381 0.000074
0.004381 0.000077
0.004952 0.000079
0.005143 0.000082
0.005714 0.000085
0.005905 0.000088
0.005905 0.000091
0.005905 0.000094
0.006095 0.000098
0.006095 0.000101
0.006476 0.000104
0.006667 0.000108
0.006857 0.000112
0.007429 0.000116
0.008190 0.000120
0.008571 0.000124
0.008571 0.000128
0.008952 0.000133
0.009333 0.000137
0.009333 0.000142
0.009714 0.000147
0.010095 0.000152
0.010095 0.000158
0.010476 0.000163
0.010857 0.000169
0.011048 0.000175
0.011429 0.000181
0.011619 0.000187
0.012000 0.000194
0.012952 0.000201
0.013333 0.000208
0.014095 0.000215
0.014095 0.000222
0.014286 0.000230
0.014476 0.000238
0.014857 0.000246
0.015429 0.000255
0.016000 0.000264
0.016762 0.000273
0.016762 0.000283
0.016952 0.000293
0.017714 0.000303
0.018476 0.000313
0.018667 0.000324
0.019238 0.000336
0.020381 0.000347
0.020571 0.000360
0.020952 0.000372
0.021524 0.000385
0.022476 0.000399
0.023238 0.000412
0.024000 0.000427
0.024571 0.000442
0.025524 0.000457
0.026095 0.000473
0.027238 0.000490
0.028190 0.000507
0.028952 0.000524
0.030095 0.000543
0.030476 0.000562
0.031048 0.000581
0.031810 0.000602
0.032571 0.000623
0.033333 0.000644
0.034095 0.000667
0.035429 0.000690
0.036762 0.000714
0.038286 0.000739
0.038857 0.000765
0.040381 0.000792
0.041905 0.000820
0.042857 0.000848
0.044000 0.000878
0.045714 0.000908
0.047238 0.000940
0.049333 0.000973
0.050286 0.001007
0.052762 0.001042
0.053905 0.001079
0.056190 0.001116
0.057143 0.001155
0.058667 0.001196
0.061143 0.001237
0.063238 0.001281
0.065524 0.001325
0.067810 0.001372
0.070286 0.001419
0.074286 0.001469
0.077143 0.001520
0.080190 0.001573
0.082286 0.001628
0.084952 0.001685
0.087810 0.001744
0.090857 0.001805
0.094857 0.001868
0.098095 0.001933
0.100952 0.002001
0.105143 0.002071
0.107810 0.002143
0.110667 0.002218
0.114476 0.002296
0.118476 0.002376
0.122286 0.002459
0.126476 0.002545
0.131238 0.002633
0.133905 0.002725
0.137333 0.002821
0.142095 0.002919
0.149333 0.003021
0.155429 0.003127
0.161143 0.003236
0.166476 0.003349
0.172000 0.003466
0.179048 0.003587
0.185524 0.003712
0.190667 0.003842
0.196381 0.003976
0.203238 0.004115
0.209905 0.004259
0.218857 0.004407
0.226476 0.004561
0.233714 0.004721
0.240381 0.004885
0.249905 0.005056
0.260000 0.005233
0.268762 0.005415
0.278095 0.005605
0.288952 0.005800
0.301333 0.006003
0.310857 0.006213
0.318476 0.006430
0.328762 0.006654
0.339429 0.006887
0.347048 0.007127
0.356190 0.007376
0.368000 0.007634
0.381524 0.007900
0.392952 0.008176
0.404000 0.008462
0.414286 0.008757
0.429714 0.009063
0.440952 0.009380
0.456190 0.009708
0.469905 0.010047
0.483810 0.010398
0.496190 0.010761
0.509333 0.011137
0.523619 0.011526
0.538857 0.011928
0.554857 0.012345
0.570667 0.012776
0.584190 0.013222
0.600190 0.013684
0.613524 0.014162
0.631619 0.014657
0.647429 0.015169
0.659238 0.015698
0.671238 0.016247
0.687429 0.016814
0.702667 0.017401
0.719619 0.018009
0.734286 0.018638
0.748762 0.019289
0.764190 0.019963
0.778667 0.020660
0.792190 0.021382
0.804571 0.022129
0.817905 0.022902
0.831048 0.023702
0.842476 0.024529
0.853524 0.025386
0.868000 0.026273
0.877905 0.027191
0.888762 0.028140
0.898476 0.029123
0.911619 0.030140
0.919238 0.031193
0.927429 0.032283
0.935429 0.033410
0.941905 0.034577
0.950476 0.035785
0.958667 0.037035
0.964762 0.038329
0.969143 0.039667
0.973714 0.041053
0.978286 0.042487
0.981333 0.043971
0.984000 0.045507
0.987810 0.047096
0.989524 0.048741
0.990857 0.050443
0.992571 0.052205
0.993143 0.054029
0.994857 0.055916
0.996190 0.057869
0.996952 0.059890
0.997905 0.061982
0.998286 0.064147
0.998667 0.066388
0.998667 0.068706
0.999048 0.071106
0.999048 0.073590
0.999238 0.076160
0.999238 0.078820
0.999238 0.081573
0.999238 0.084423
0.999429 0.087371
0.999429 0.090423
0.999619 0.093581
0.999619 0.096850
0.999619 0.100233
0.999619 0.103734
0.999619 0.107357
0.999619 0.111107
0.999619 0.114988
0.999619 0.119004
0.999619 0.123161
0.999619 0.127463
0.999619 0.131915
0.999810 0.136522
0.999810 0.141291
0.999810 0.146226
0.999810 0.151333
0.999810 0.156619
0.999810 0.162089
0.999810 0.167751
0.999810 0.173610
0.999810 0.179674
0.999810 0.185950
0.999810 0.192445
0.999810 0.199166
0.999810 0.206123
0.999810 0.213323
0.999810 0.220774
0.999810 0.228485
0.999810 0.236465
0.999810 0.244725
0.999810 0.253273
0.999810 0.262119
0.999810 0.271274
0.999810 0.280750
0.999810 0.290556
0.999810 0.300704
0.999810 0.311208
0.999810 0.322077
0.999810 0.333327
0.999810 0.344970
0.999810 0.357019
0.999810 0.369489
0.999810 0.382395
0.999810 0.395751
0.999810 0.409574
0.999810 0.423880
0.999810 0.438685
0.999810 0.454008
0.999810 0.469865
0.999810 0.486277
0.999810 0.503262
0.999810 0.520840
0.999810 0.539032
0.999810 0.557860
0.999810 0.577345
0.999810 0.597511
0.999810 0.618381
0.999810 0.639980
0.999810 0.662333
0.999810 0.685467
0.999810 0.709410
0.999810 0.734188
0.999810 0.759832
0.999810 0.786372
0.999810 0.813839
0.999810 0.842265
0.999810 0.871683
0.999810 0.902130
0.999810 0.933640
0.999810 0.966250
1.000000 1.000000
