0.998667 0.000000
0.998667 0.000000
0.998667 0.000000
0.998667 0.000000
0.998667 0.000000
0.998667 0.000000
0.998667 0.000000
0.998667 0.000000
0.998667 0.000000
0.998667 0.000000
0.998667 0.000000
0.998667 0.000000
0.998667 0.000000
0.998667 0.000000
0.998667 0.000000
0.998667 0.000000
0.998667 0.000000
0.998667 0.000000
0.998667 0.000000
0.998667 0.000000
0.998667 0.000000
0.998667 0.000000
0.998667 0.000000
0.998667 0.000000
0.998667 0.000000
0.998667 0.000000
0.998667 0.000000
0.998667 0.000000
0.998667 0.000000
0.998667 0.000000
0.998667 0.000000
0.998667 0.000000
0.998667 0.000000
0.998667 0.000000
0.998667 0.000000
0.998667 0.000000
0.998667 0.000000
0.998667 0.000000
0.998667 0.000000
0.998667 0.000000
0.998667 0.000000
0.998667 0.000000
0.998667 0.000000
0.998667 0.000000
0.998667 0.000000
0.998667 0.000000
0.998667 0.000000
0.998667 0.000000
0.998667 0.000000
0.998667 0.000000
0.998667 0.000000
0.998667 0.000000
0.998667 0.000000
0.998667 0.000000
0.998667 0.000000
0.998667 0.000000
0.998667 0.000000
0.998667 0.000000
0.998667 0.000000
0.998667 0.000000
0.998667 0.000000
0.998667 0.000000
0.998667 0.000000
0.998667 0.000000
0.998667 0.000000
0.998667 0.000000
0.998667 0.000000
0.998667 0.000000
0.998667 0.000000
0.998667 0.000000
0.998667 0.000000
0.998667 0.000000
0.998857 0.000000
0.998857 0.000000
0.999048 0.000000
0.999048 0.000000
0.999048 0.000001
0.999048 0.000001
0.999048 0.000001
0.999048 0.000001
0.999048 0.000001
0.999048 0.000001
0.999048 0.000001
0.999048 0.000001
0.999048 0.000001
0.999048 0.000001
0.999048 0.000001
0.999048 0.000001
0.999048 0.000001
0.999048 0.000001
0.999048 0.000001
0.999048 0.000001
0.999048 0.000001
0.999048 0.000001
0.999048 0.000001
0.999048 0.000001
0.999048 0.000001
0.999048 0.000001
0.999048 0.000001
0.999048 0.000001
0.999048 0.000001
0.999048 0.000001
0.999048 0.000001
0.999048 0.000001
0.999048 0.000001
0.999048 0.000001
0.999048 0.000001
0.999048 0.000001
0.999048 0.000001
0.999048 0.000002
0.999048 0.000002
0.999048 0.000002
0.999048 0.000002
0.999048 0.000002
0.999048 0.000002
0.999048 0.000002
0.999048 0.000002
0.999048 0.000002
0.999048 0.000002
0.999048 0.000002
0.999048 0.000002
0.999048 0.000002
0.999048 0.000002
0.999048 0.000002
0.999048 0.000003
0.999048 0.000003
0.999048 0.000003
0.999048 0.000003
0.999048 0.000003
0.999048 0.000003
0.999048 0.000003
0.999048 0.000003
0.999048 0.000003
0.999048 0.000003
0.999048 0.000004
0.999048 0.000004
0.999048 0.000004
0.999048 0.000004
0.999048 0.000004
0.999048 0.000004
0.999048 0.000004
0.999048 0.000005
0.999048 0.000005
0.999048 0.000005
0.999048 0.000005
0.999048 0.000005
0.999048 0.000005
0.999048 0.000006
0.999048 0.000006
0.999048 0.000006
0.999048 0.000006
0.999048 0.000006
0.999048 0.000007
0.999048 0.000007
0.999048 0.000007
0.999048 0.000007
0.999048 0.000008
0.999048 0.000008
0.999048 0.000008
0.999048 0.000009
0.999048 0.000009
0.999048 0.000009
0.999048 0.000009
0.999048 0.000010
0.999048 0.000010
0.999048 0.000010
0.999048 0.000011
0.999048 0.000011
0.999048 0.000012
0.999048 0.000012
0.999048 0.000012
0.999048 0.000013
0.999048 0.000013
0.999048 0.000014
0.999048 0.000014
0.999048 0.000015
0.999048 0.000015
0.999048 0.000016
0.999048 0.000016
0.999048 0.000017
0.999048 0.000018
0.999048 0.000018
0.999048 0.000019
0.999048 0.000019
0.999048 0.000020
0.999048 0.000021
0.999048 0.000022
0.999048 0.000022
0.999048 0.000023
0.999048 0.000024
0.999048 0.000025
0.999048 0.000026
0.999048 0.000026
0.999048 0.000027
0.999048 0.000028
0.999048 0.000029
0.999048 0.000030
0.999048 0.000031
0.999048 0.000033
0.999048 0.000034
0.999048 0.000035
0.999048 0.000036
0.999048 0.000037
0.999048 0.000039
0.999048 0.000040
0.999048 0.000041
0.999048 0.000043
0.999048 0.000044
0.999048 0.000046
0.999048 0.000047
0.999048 0.000049
0.999048 0.000051
0.999048 0.000053
0.999048 0.000054
0.999048 0.000056
0.999048 0.000058
0.999048 0.000060
0.999048 0.000062
0.999048 0.000065
0.999048 0.000067
0.999048 0.000069
0.999048 0.000072
0.999048 0.000074
0.999048 0.000077
0.999048 0.000079
0.999048 0.000082
0.999048 0.000085
0.999048 0.000088
0.999048 0.000091
0.999048 0.000094
0.999048 0.000098
0.999048 0.000101
0.999048 0.000104
0.999048 0.000108
0.999048 0.000112
0.999048 0.000116
0.999048 0.000120
0.999048 0.000124
0.999048 0.000128
0.999048 0.000133
0.999048 0.000137
0.999048 0.000142
0.999048 0.000147
0.999048 0.000152
0.999048 0.000158
0.999048 0.000163
0.999048 0.000169
0.999048 0.000175
0.999048 0.000181
0.999048 0.000187
0.999048 0.000194
0.999048 0.000201
0.999048 0.000208
0.999048 0.000215
0.999048 0.000222
0.999048 0.000230
0.999048 0.000238
0.999048 0.000246
0.999048 0.000255
0.999048 0.000264
0.999048 0.000273
0.999048 0.000283
0.999048 0.000293
0.999048 0.000303
0.999048 0.000313
0.999048 0.000324
0.999048 0.000336
0.999048 0.000347
0.999048 0.000360
0.999048 0.000372
0.999048 0.000385
0.999048 0.000399
0.999048 0.000412
0.999048 0.000427
0.999048 0.000442
0.999048 0.000457
0.999048 0.000473
0.999048 0.000490
0.999048 0.000507
0.999048 0.000524
0.999048 0.000543
0.999048 0.000562
0.999048 0.000581
0.999048 0.000602
0.999048 0.000623
0.999048 0.000644
0.999048 0.000667
0.999048 0.000690
0.999048 0.000714
0.999048 0.000739
0.999048 0.000765
0.999048 0.000792
0.999048 0.000820
0.999048 0.000848
0.999048 0.000878
0.999048 0.000908
0.999048 0.000940
0.999048 0.000973
0.999048 0.001007
0.999048 0.001042
0.999048 0.001079
0.999048 0.001116
0.999048 0.001155
0.999048 0.001196
0.999048 0.001237
0.999048 0.001281
0.999048 0.001325
0.999048 0.001372
0.999048 0.001419
0.999048 0.001469
0.999048 0.001520
0.999048 0.001573
0.999048 0.001628
0.999048 0.001685
0.999048 0.001744
0.999048 0.001805
0.999048 0.001868
0.999048 0.001933
0.999048 0.002001
0.999048 0.002071
0.999048 0.002143
0.999048 0.002218
0.999048 0.002296
0.999048 0.002376
0.999048 0.002459
0.999048 0.002545
0.999048 0.002633
0.999048 0.002725
0.999048 0.002821
0.999048 0.002919
0.999048 0.003021
0.999048 0.003127
0.999048 0.003236
0.999048 0.003349
0.999048 0.003466
0.999048 0.003587
0.999048 0.003712
0.999048 0.003842
0.999048 0.003976
0.999048 0.004115
0.999048 0.004259
0.999048 0.004407
0.999048 0.004561
0.999048 0.004721
0.999048 0.004885
0.999048 0.005056
0.999048 0.005233
0.999048 0.005415
0.999048 0.005605
0.999048 0.005800
0.999048 0.006003
0.999048 0.006213
0.999048 0.006430
0.999048 0.006654
0.999048 0.006887
0.999048 0.007127
0.999048 0.007376
0.999048 0.007634
0.999048 0.007900
0.999048 0.008176
0.999048 0.008462
0.999048 0.008757
0.999048 0.009063
0.999048 0.009380
0.999048 0.009708
0.999048 0.010047
0.999048 0.010398
0.999048 0.010761
0.999048 0.011137
0.999048 0.011526
0.999048 0.011928
0.999048 0.012345
0.999048 0.012776
0.999048 0.013222
0.999238 0.013684
0.999238 0.014162
0.999238 0.014657
0.999238 0.015169
0.999238 0.015698
0.999238 0.016247
0.999238 0.016814
0.999238 0.017401
0.999238 0.018009
0.999238 0.018638
0.999238 0.019289
0.999238 0.019963
0.999238 0.020660
0.999238 0.021382
0.999238 0.022129
0.999238 0.022902
0.999238 0.023702
0.999238 0.024529
0.999238 0.025386
0.999238 0.026273
0.999238 0.027191
0.999238 0.028140
0.999238 0.029123
0.999238 0.030140
0.999238 0.031193
0.999238 0.032283
0.999238 0.033410
0.999238 0.034577
0.999429 0.035785
0.999429 0.037035
0.999429 0.038329
0.999429 0.039667
0.999429 0.041053
0.999429 0.042487
0.999429 0.043971
0.999429 0.045507
0.999429 0.047096
0.999429 0.048741
0.999429 0.050443
0.999429 0.052205
0.999429 0.054029
0.999429 0.055916
0.999429 0.057869
0.999429 0.059890
0.999429 0.061982
0.999429 0.064147
0.999429 0.066388
0.999429 0.068706
0.999429 0.071106
0.999429 0.073590
0.999429 0.076160
0.999429 0.078820
0.999429 0.081573
0.999429 0.084423
0.999429 0.087371
0.999429 0.090423
0.999429 0.093581
0.999429 0.096850
0.999429 0.100233
0.999429 0.103734
0.999429 0.107357
0.999429 0.111107
0.999429 0.114988
0.999429 0.119004
0.999429 0.123161
0.999429 0.127463
0.999429 0.131915
0.999429 0.136522
0.999429 0.141291
0.999429 0.146226
0.999429 0.151333
0.999429 0.156619
0.999429 0.162089
0.999429 0.167751
0.999429 0.173610
0.999429 0.179674
0.999429 0.185950
0.999429 0.192445
0.999429 0.199166
0.999429 0.206123
0.999429 0.213323
0.999429 0.220774
0.999429 0.228485
0.999429 0.236465
0.999429 0.244725
0.999429 0.253273
0.999429 0.262119
0.999429 0.271274
0.999429 0.280750
0.999429 0.290556
0.999429 0.300704
0.999429 0.311208
0.999429 0.322077
0.999429 0.333327
0.999429 0.344970
0.999429 0.357019
0.999429 0.369489
0.999429 0.382395
0.999429 0.395751
0.999429 0.409574
0.999429 0.423880
0.999429 0.438685
0.999429 0.454008
0.999429 0.469865
0.999429 0.486277
0.999429 0.503262
0.999429 0.520840
0.999429 0.539032
0.999429 0.557860
0.999429 0.577345
0.999429 0.597511
0.999429 0.618381
0.999429 0.639980
0.999429 0.662333
0.999429 0.685467
0.999429 0.709410
0.999429 0.734188
0.999429 0.759832
0.999429 0.786372
0.999429 0.813839
0.999429 0.842265
0.999429 0.871683
0.999429 0.902130
0.999429 0.933640
0.999429 0.966250
1.000000 1.000000
