1.0 0.7075767045058524
1.0 0.7075767045058524
1.0 0.7075767045058524
1.0 0.7075767045058524
1.0 0.7075767045058524
1.0 0.7075767045058524
1.0 0.7075767045058524
1.0 0.7075767045058524
1.0 0.7075767045058524
1.0 0.7075767045058524
1.0 0.7075767045058524
1.0 0.7075767045058524
1.0 0.7043857656975312
1.0 0.6841124862923949
1.0 0.6644225424471095
1.0 0.6452991626744234
1.0 0.6267260111101302
1.0 0.6086874053245914
1.0 0.5911676991900896
1.0 0.574152117824998
1.0 0.5576261767630536
0.9998094512195121 0.5415758271610388
0.9998094512195121 0.5259871653834179
0.9998094512195121 0.5108471227388259
0.9998094512195121 0.4961426305358977
0.9998094512195121 0.4818613461216771
0.9998094512195121 0.46799096314512867
0.9998094512195121 0.454519647180183
0.9998094512195121 0.4414359631218955
0.9998094512195121 0.4287287299787648
0.9998094512195121 0.41638716608041487
0.9998094512195121 0.40440063496415113
0.9998094512195121 0.3927590809980066
0.9998094512195121 0.3814524848519346
0.9998094512195121 0.3704712265170137
0.9998094512195121 0.359805903795845
0.9998094512195121 0.34944747751023425
0.9998094512195121 0.33938708999158956
0.9998094512195121 0.3296161739866827
0.9998094512195121 0.32012645265764905
0.9998094512195121 0.31090975807238547
0.9998094512195121 0.30195824901607277
0.9998094512195121 0.2932643383873351
0.9998094512195121 0.284820547990558
0.9998094512195121 0.2766197263474111
0.9998094512195121 0.2686548671872459
0.9998094512195121 0.260919218352857
0.9998094512195121 0.2534061365928005
0.9996189024390244 0.24610923276907565
0.9996189024390244 0.23902229925328403
0.9996189024390244 0.232139273624709
0.9996189024390244 0.22545423867031583
0.9996189024390244 0.21896164019627432
0.9996189024390244 0.21265585140491336
0.9996189024390244 0.20653146331008462
0.9996189024390244 0.20058332103908294
0.9996189024390244 0.19480630602112364
0.9996189024390244 0.1891955537988653
0.9996189024390244 0.18374619991496638
0.9996189024390244 0.17845363402552866
0.9996189024390244 0.17331339099433574
0.9996189024390244 0.1683210419870916
0.9996189024390244 0.1634723759810231
0.9996189024390244 0.1587631456514365
0.9996189024390244 0.15418950299476322
0.9996189024390244 0.14974741849783235
0.9996189024390244 0.14543315306283658
0.9996189024390244 0.14124304019580966
0.9996189024390244 0.13717348600662613
0.9996189024390244 0.13322100551092195
0.9996189024390244 0.12938225893201494
0.9996189024390244 0.12565397909706377
0.9996189024390244 0.12203297143706815
0.9996189024390244 0.11851615028878904
0.9996189024390244 0.11510053889474882
0.9996189024390244 0.1117831604974699
0.9996189024390244 0.10856129245291786
0.9996189024390244 0.10543210321129692
0.9996189024390244 0.1023929427324136
0.9996189024390244 0.09944123357991534
0.9996189024390244 0.09657447092129047
0.9996189024390244 0.0937901862259478
0.9994283536585366 0.09108605617097798
0.999047256097561 0.08845975743347165
0.999047256097561 0.08590896669051945
0.9988567073170732 0.08343161473265523
0.9984756097560976 0.08102552344465148
0.9977134146341463 0.07868884142856479
0.9977134146341463 0.07641920905956535
0.997141768292683 0.07421499275123253
0.997141768292683 0.0720740869921797
0.9967606707317073 0.06999485819598623
0.9961890243902439 0.06797549126662919
0.9956173780487805 0.06601420741000609
0.9944740853658537 0.06410951824737814
0.9935213414634146 0.06225957238080192
0.9927591463414634 0.060462845129618185
0.9904725609756098 0.058718102228531334
0.989329268292683 0.057023347071916135
0.9881859756097561 0.05537730909255654
0.9866615853658537 0.053778826628997856
0.9839939024390244 0.05222652020826266
0.9824695121951219 0.05071864733816894
0.9790396341463414 0.04925455458414843
0.9759908536585366 0.04783253575593958
0.9727515243902439 0.04645146549400815
0.9695121951219512 0.04511018213689948
0.9649390243902439 0.043807741834681634
0.9582698170731707 0.04254323703934315
0.9529344512195121 0.04131485265486109
0.9477896341463414 0.04012182634090582
0.9430259146341463 0.038963105341784036
0.9369283536585366 0.03783796361908656
0.9285442073170732 0.03674571143632469
0.921875 0.03568456999939593
0.9161585365853658 0.03465381326989113
0.9068216463414634 0.03365347754973073
0.9007240853658537 0.03268131211984629
0.8921493902439024 0.031737643697521946
0.8828125 0.030821310621303014
0.8738567073170732 0.02993133273933711
0.8626143292682927 0.029067455938181025
0.852515243902439 0.028228264442936867
0.8424161585365854 0.027413286328638674
0.8332698170731707 0.026621614047274974
0.8245045731707317 0.025852739371959352
0.8128810975609756 0.025106553396930426
0.8006859756097561 0.024382003366494896
0.7883003048780488 0.023678435846084502
0.7778201219512195 0.022994798080005947
0.7642911585365854 0.022331453087463815
0.7530487804878049 0.021686839885878377
0.7425685975609756 0.02106070436180643
0.7328506097560976 0.020452501986441086
0.7214176829268293 0.019862160155941434
0.7107469512195121 0.019288735020375543
0.6970274390243902 0.018732444391266166
0.682545731707317 0.018192380720601833
0.671875 0.017667200837325578
0.6592987804878049 0.01715755817600565
0.6497713414634146 0.016662073263664624
0.6371951219512195 0.01618147213871167
0.6251905487804879 0.01571466574353303
0.6097560975609756 0.01526201709733329
0.5960365853658537 0.014822146727135018
0.5865091463414634 0.014394183386847205
0.5729801829268293 0.013979397643685906
0.5598323170731707 0.013576518930435065
0.5470655487804879 0.013185220529810556
0.5339176829268293 0.012805357234130543
0.5257240853658537 0.012435513268497135
0.5163871951219512 0.012076596180921802
0.5041920731707317 0.011728605971404541
0.49409298780487804 0.0113902720727293
0.4845655487804878 0.011061667088736996
0.4735137195121951 0.010742827321348085
0.4637957317073171 0.010432954128312478
0.45426829268292684 0.010132047509630173
0.44626524390243905 0.009839526634573832
0.43635670731707316 0.009555863428109419
0.4268292682926829 0.009280331851827759
0.4167301829268293 0.009012859301887933
0.40510670731707316 0.0087534820802104
0.3942454268292683 0.008501437846465528
0.3870045731707317 0.008256036864164602
0.3782393292682927 0.008018041473637254
0.36947408536585363 0.007786907146076605
0.36032774390243905 0.007562597579562193
0.35289634146341464 0.007344423037605304
0.3429878048780488 0.007133036954774196
0.3366996951219512 0.006927132461932354
0.32660060975609756 0.006727871220534457
0.3172637195121951 0.00653427307872812
0.3088795731707317 0.006346120224990591
0.2995426829268293 0.0061635941689241625
0.2896341463414634 0.005986513400926541
0.2810594512195122 0.005814297090270388
0.2730564024390244 0.005646981538876162
0.2652439024390244 0.005484494142902946
0.25628810975609756 0.005326907506191656
0.25 0.005173422986492201
0.24447408536585366 0.005024258395327333
0.2379954268292683 0.004879558940378888
0.23170731707317074 0.004739070508203653
0.22484756097560976 0.004602756796881172
0.22103658536585366 0.00446981916416135
0.21608231707317074 0.004340911044612447
0.20979420731707318 0.004216032438234461
0.2027439024390244 0.004094929231584181
0.19645579268292682 0.003977165801616104
0.19092987804878048 0.0038627058464097692
0.18483231707317074 0.003751694573647013
0.1794969512195122 0.003643732662202789
0.17435213414634146 0.0035388927159180146
0.16996951219512196 0.003436920621349479
0.16577743902439024 0.003337925284258558
0.16234756097560976 0.003241616289281582
0.15872713414634146 0.003148138844100386
0.15472560975609756 0.0030574566467945112
0.14996189024390244 0.00296949709352304
0.1442454268292683 0.0028843327881268904
0.1404344512195122 0.0028012739941173466
0.13624237804878048 0.002720720032619454
0.13166920731707318 0.0026425619978718362
0.12957317073170732 0.002566182757226696
0.1253810975609756 0.002492453556775042
0.12176067073170732 0.0024207209619486175
0.11890243902439024 0.0023509486708269637
0.11528201219512195 0.0022833544949328326
0.11299542682926829 0.002217430207379803
0.109375 0.002153720336974755
0.10651676829268293 0.0020916803549108076
0.10403963414634146 0.002031382865028879
0.10060975609756098 0.001973009376931262
0.09794207317073171 0.0019161968714133703
0.09527439024390244 0.0018610179523161207
0.09298780487804878 0.0018074000157985957
0.09089176829268293 0.0017552704580198783
0.08803353658536585 0.001704810788582262
0.08555640243902439 0.0016557668940425355
0.08307926829268293 0.0016081024724802402
0.07983993902439024 0.0015619990334976698
0.0779344512195122 0.0015169846521288608
0.07602896341463415 0.0014732771398965657
0.07450457317073171 0.0014307312891189495
0.07221798780487805 0.0013896012132392232
0.0705030487804878 0.0013495601949732585
0.06859756097560976 0.0013106808381619728
0.06688262195121951 0.0012729268408849072
0.06516768292682927 0.0012362619012216032
0.06345274390243902 0.001200649717251602
0.0625 0.0011659450812930687
0.06059451219512195 0.0011324021067892142
0.0586890243902439 0.0010998755860582039
0.056783536585365856 0.0010682566133386614
0.05583079268292683 0.0010373999809487522
0.05430640243902439 0.001007523500411228
0.052972560975609755 0.0009784819640442546
0.050114329268292686 0.0009506020891319601
0.048589939024390245 0.0009232304411060876
0.047827743902439025 0.0008965485295689306
0.046684451219512195 0.0008707015622023243
0.046303353658536585 0.000845471727483516
0.044016768292682924 0.0008213309503784693
0.04344512195121951 0.0007975531924780098
0.042301829268292686 0.0007746103787481007
0.040777439024390245 0.0007523573015069073
0.03868140243902439 0.0007309028665158056
0.03753810975609756 0.0007098840545702085
0.036204268292682924 0.0006894823752724097
0.035442073170731704 0.0006695889228610328
0.034489329268292686 0.0006503126030974541
0.03429878048780488 0.0006314356044589214
0.033346036585365856 0.0006132846442295629
0.03086890243902439 0.0005959323262502962
0.028582317073170733 0.0005790156313165342
0.027820121951219513 0.0005623530498259831
0.027248475609756097 0.0005461260913809366
0.027248475609756097 0.0005302621521404774
0.026486280487804877 0.0005150153455478163
0.025724085365853657 0.0005002041620006598
0.025152439024390245 0.0004857559976580905
0.02419969512195122 0.0004717797582814845
0.02381859756097561 0.0004582028400299244
0.02305640243902439 0.00044502524290341016
0.022484756097560975 0.0004322106649814831
0.021722560975609755 0.00041979540818460194
0.020579268292682928 0.00040781577443322535
0.020388719512195123 0.00039598134836368366
0.020198170731707318 0.00038450994149872913
0.019054878048780487 0.00037354676152019666
0.018673780487804877 0.00036276509114395775
0.018292682926829267 0.0003523101380518473
0.018102134146341462 0.0003420729964824891
0.016958841463414635 0.0003323803837200117
0.01676829268292683 0.0003227603747984517
0.015815548780487805 0.00031357598892239636
0.01524390243902439 0.0003045731126486346
0.01486280487804878 0.0002957880478976251
0.014672256097560975 0.00028722079466936794
0.014481707317073171 0.00027890765488432174
0.013719512195121951 0.00027095753430386277
0.013147865853658536 0.00026318892332569734
0.012766768292682926 0.0002556018219498255
0.012004573170731708 0.00024834143785808216
0.011814024390243903 0.0002411536576072562
0.011814024390243903 0.00023414738695872383
0.011051829268292682 0.00022750413551477866
0.010670731707317074 0.00022096978983220962
0.010099085365853659 0.00021465325567239288
0.010099085365853659 0.00020840932535349358
0.009908536585365854 0.00020238320655734658
0.009527439024390244 0.0001966112012044106
0.00857469512195122 0.00019105700737422692
0.008384146341463415 0.00018557541738496066
0.00819359756097561 0.00018020273315707056
0.0078125 0.00017504786045193277
0.007621951219512195 0.00017000189350817113
0.007240853658536586 0.00016513743616670306
0.007050304878048781 0.00016038188458661115
0.006859756097560976 0.0001557715406883541
0.006859756097560976 0.0001512338006310145
0.006859756097560976 0.0001468775701759685
0.006669207317073171 0.00014263024548229861
0.005907012195121951 0.00013863703423183974
0.005907012195121951 0.0001346075210609222
0.005716463414634146 0.00013075951749229819
0.005716463414634146 0.00012694781584413292
0.004954268292682927 0.00012339022763917866
0.004954268292682927 0.0001198326394342244
0.004954268292682927 0.00011634765507018759
0.004763719512195122 0.00011300787838798564
0.004763719512195122 0.00010974070554670112
0.004763719512195122 0.00010654613654633403
0.004763719512195122 0.0001034604733073431
0.004763719512195122 0.00010044741390926959
0.004382621951219513 9.761586411348967e-05
0.004192073170731708 9.482061623816848e-05
0.0038109756097560975 9.213427412422342e-05
0.0038109756097560975 8.944793201027837e-05
0.0038109756097560975 8.687049565770948e-05
0.0038109756097560975 8.43293612255993e-05
0.0038109756097560975 8.189713255486527e-05
0.003620426829268293 7.953750772504867e-05
0.003429878048780488 7.728678865660823e-05
0.0032393292682926828 7.50723715086265e-05
0.0032393292682926828 7.289425628110349e-05
0.0032393292682926828 7.07887448944979e-05
0.003048780487804878 6.875583734880976e-05
0.003048780487804878 6.675923172358034e-05
0.003048780487804878 6.483522993926833e-05
0.0024771341463414634 6.305643583679122e-05
0.0024771341463414634 6.120503789339665e-05
0.0024771341463414634 5.942624379091952e-05
0.0024771341463414634 5.772005352935983e-05
0.0022865853658536584 5.6086467108717575e-05
0.0022865853658536584 5.4452880688075316e-05
0.0022865853658536584 5.285559618789177e-05
0.0022865853658536584 5.133091552862566e-05
0.0022865853658536584 4.984253678981827e-05
0.0022865853658536584 4.839045997146959e-05
0.0022865853658536584 4.697468507357964e-05
0.0022865853658536584 4.5631514016607114e-05
0.0022865853658536584 4.428834295963459e-05
0.0022865853658536584 4.30177757435795e-05
0.0022865853658536584 4.174720852752441e-05
0.0019054878048780487 4.062184899330418e-05
0.0019054878048780487 3.942388561816653e-05
0.0019054878048780487 3.82985260839463e-05
0.0019054878048780487 3.717316654972608e-05
0.0019054878048780487 3.6084108935964574e-05
0.0019054878048780487 3.503135324266178e-05
0.001714939024390244 3.405120139027643e-05
0.001524390243902439 3.310735145834979e-05
0.001524390243902439 3.216350152642315e-05
0.0013338414634146342 3.125595351495523e-05
0.0013338414634146342 3.0348405503487307e-05
0.0013338414634146342 2.9477159412478104e-05
0.0013338414634146342 2.8605913321468897e-05
0.0013338414634146342 2.777096915091841e-05
0.0013338414634146342 2.6972326900826638e-05
0.0011432926829268292 2.6209986571193585e-05
0.0011432926829268292 2.5447646241560528e-05
0.0011432926829268292 2.4721607832386192e-05
0.0011432926829268292 2.3995569423211853e-05
0.0011432926829268292 2.3305832934496235e-05
0.0011432926829268292 2.2616096445780614e-05
0.0009527439024390244 2.1998963797982427e-05
0.0007621951219512195 2.1381831150184238e-05
0.0007621951219512195 2.076469850238605e-05
0.0007621951219512195 2.0183867775046583e-05
0.0007621951219512195 1.960303704770711e-05
0.0007621951219512195 1.9022206320367643e-05
0.0007621951219512195 1.8477677513486888e-05
0.0007621951219512195 1.7933148706606137e-05
0.0005716463414634146 1.746122374064282e-05
0.0005716463414634146 1.695299685422078e-05
0.00038109756097560977 1.6481071888257463e-05
0.00038109756097560977 1.6009146922294144e-05
0.00038109756097560977 1.553722195633082e-05
0.00038109756097560977 1.510159891082622e-05
0.00038109756097560977 1.4665975865321618e-05
0.00038109756097560977 1.4230352819817015e-05
0.00038109756097560977 1.383103169477113e-05
0.00038109756097560977 1.3431710569725244e-05
0.00038109756097560977 1.3032389444679359e-05
0.00038109756097560977 1.2633068319633473e-05
0.00038109756097560977 1.2270049115046304e-05
0.00038109756097560977 1.1943331830917852e-05
0.00038109756097560977 1.1580312626330684e-05
0.00038109756097560977 1.1253595342202232e-05
0.00038109756097560977 1.092687805807378e-05
0.00038109756097560977 1.0600160773945328e-05
0.00038109756097560977 1.0273443489816876e-05
0.00038109756097560977 9.98302812614714e-06
0.00038109756097560977 9.692612762477406e-06
0.00038109756097560977 9.40219739880767e-06
0.00038109756097560977 9.148083955596652e-06
0.00038109756097560977 8.893970512385635e-06
0.00038109756097560977 8.603555148715899e-06
0.00038109756097560977 8.385743625963598e-06
0.00038109756097560977 8.13163018275258e-06
0.00038109756097560977 7.877516739541562e-06
0.00019054878048780488 7.696007137247977e-06
0.00019054878048780488 7.478195614495676e-06
0.00019054878048780488 7.260384091743375e-06
0.00019054878048780488 7.042572568991074e-06
0.00019054878048780488 6.8247610462387725e-06
0.00019054878048780488 6.6432514439451885e-06
0.00019054878048780488 6.461741841651604e-06
0.00019054878048780488 6.243930318899302e-06
0.00019054878048780488 6.062420716605718e-06
0.00019054878048780488 5.91721303477085e-06
0.00019054878048780488 5.735703432477266e-06
0.00019054878048780488 5.554193830183682e-06
0.00019054878048780488 5.4089861483488145e-06
0.00019054878048780488 5.22747654605523e-06
0.00019054878048780488 5.0822688642203626e-06
0.00019054878048780488 4.937061182385495e-06
0.00019054878048780488 4.7918535005506274e-06
0.00019054878048780488 4.64664581871576e-06
0.00019054878048780488 4.501438136880892e-06
0.00019054878048780488 4.392532375504742e-06
0.00019054878048780488 4.247324693669875e-06
0.00019054878048780488 4.138418932293724e-06
0.00019054878048780488 4.029513170917573e-06
0.00019054878048780488 3.884305489082705e-06
0.00019054878048780488 3.775399727706555e-06
0.00019054878048780488 3.6664939663304046e-06
0.0 3.5938901254129706e-06
0.0 3.4849843640368202e-06
0.0 3.3760786026606694e-06
0.0 3.3034747617432355e-06
0.0 3.194569000367085e-06
0.0 3.121965159449651e-06
0.0 3.0130593980735008e-06
0.0 2.9404555571560668e-06
0.0 2.8315497957799164e-06
0.0 2.7589459548624824e-06
0.0 2.686342113945049e-06
0.0 2.613738273027615e-06
0.0 2.5411344321101813e-06
0.0 2.4685305911927477e-06
0.0 2.3959267502753137e-06
0.0 2.32332290935788e-06
0.0 2.250719068440446e-06
0.0 2.1781152275230126e-06
0.0 2.1055113866055786e-06
0.0 2.069209466146862e-06
0.0 1.9966056252294282e-06
0.0 1.9240017843119942e-06
0.0 1.8876998638532775e-06
0.0 1.8150960229358437e-06
0.0 1.778794102477127e-06
0.0 1.7061902615596931e-06
0.0 1.6698883411009763e-06
0.0 1.6335864206422593e-06
0.0 1.5609825797248256e-06
0.0 1.5246806592661088e-06
0.0 1.488378738807392e-06
0.0 1.452076818348675e-06
0.0 1.3794729774312412e-06
0.0 1.3431710569725244e-06
0.0 1.3068691365138074e-06
0.0 1.2705672160550906e-06
0.0 1.2342652955963739e-06
0.0 1.1979633751376569e-06
0.0 1.16166145467894e-06
0.0 1.125359534220223e-06
0.0 1.0890576137615063e-06
0.0 1.0527556933027893e-06
0.0 1.0164537728440725e-06
0.0 9.801518523853557e-07
0.0 9.438499319266387e-07
0.0 9.075480114679218e-07
0.0 8.712460910092051e-07
0.0 8.349441705504882e-07
0.0 7.986422500917713e-07
0.0 7.623403296330544e-07
0.0 7.260384091743375e-07
0.0 6.897364887156206e-07
0.0 6.534345682569037e-07
0.0 6.171326477981869e-07
0.0 5.8083072733947e-07
0.0 5.445288068807531e-07
0.0 5.082268864220363e-07
0.0 4.7192496596331937e-07
0.0 4.3562304550460253e-07
0.0 3.9932112504588564e-07
0.0 3.6301920458716875e-07
0.0 3.2671728412845186e-07
0.0 2.90415363669735e-07
0.0 2.5411344321101813e-07
0.0 2.1781152275230126e-07
0.0 1.8150960229358437e-07
0.0 1.452076818348675e-07
0.0 1.0890576137615063e-07
0.0 7.260384091743375e-08
0.0 3.630192045871688e-08
0.0 0.0
