1.0 0.9979205170903633
1.0 0.9712207813102612
1.0 0.9432697183319471
1.0 0.9161228880994754
1.0 0.889757166289514
1.0 0.8641501183152192
1.0 0.8392798541185545
1.0 0.8151251733779721
1.0 0.7916655292064922
1.0 0.7688808829440219
1.0 0.7467519219688767
1.0 0.7252596240747367
1.0 0.7043857656975312
1.0 0.6841124862923949
1.0 0.66442257874903
1.0 0.6452991989763439
1.0 0.6267260837139711
1.0 0.6086874053245914
1.0 0.5911677354920101
1.0 0.5741521541269184
1.0 0.5576261767630536
1.0 0.5415757908591183
1.0 0.5259871653834179
1.0 0.5108470864369056
1.0 0.4961426668378181
1.0 0.4818613098197566
1.0 0.46799092684320825
1.0 0.45451961087826254
1.0 0.441435926819975
1.0 0.42872869367684435
1.0 0.4163871297784944
1.0 0.40440063496415113
1.0 0.39275904469608613
1.0 0.38145244855001414
1.0 0.3704711902150932
1.0 0.3598058674939245
1.0 0.3494474412083138
1.0 0.33938708999158956
1.0 0.3296161739866827
1.0 0.32012641635572864
1.0 0.310909721770465
1.0 0.3019582127141523
1.0 0.29326430208541465
1.0 0.28482051168863753
1.0 0.2766196537435702
1.0 0.26865483088532544
1.0 0.2609191820509365
1.0 0.25340610029088
1.0 0.24610916016523474
1.0 0.2390222266494431
1.0 0.23213920102086807
1.0 0.22545420236839536
1.0 0.2189615675924334
1.0 0.21265577880107245
1.0 0.2065313907062437
1.0 0.2005831758314011
1.0 0.19480623341728273
1.0 0.18919548119502438
1.0 0.18374612731112547
1.0 0.17845359772360822
1.0 0.17331335469241527
1.0 0.1683209693832507
1.0 0.1634723033771822
1.0 0.15876310934951604
1.0 0.1541894303909223
1.0 0.1497473458939914
1.0 0.14543308045899567
1.0 0.14124296759196875
1.0 0.1371734134027852
1.0 0.13322093290708104
1.0 0.129382186328174
1.0 0.12565390649322286
1.0 0.12203289883322724
1.0 0.11851604138302767
1.0 0.11510046629090791
1.0 0.11178308789362898
1.0 0.10856121984907695
1.0 0.10543195800361509
1.0 0.10239287012857269
1.0 0.09944112467415396
1.0 0.09657439831744954
1.0 0.09379011362210689
1.0 0.0910859472652166
1.0 0.08845957592386935
1.0 0.08590878518091716
1.0 0.08343139692113248
1.0 0.08102526933120827
1.0 0.07868840580551928
1.0 0.07641877343651984
1.0 0.07421444822242564
1.0 0.07207354246337282
1.0 0.06999424106333843
1.0 0.06797476522822
1.0 0.06601337246583554
1.0 0.06410839288784391
1.0 0.06225833811550632
1.0 0.060461465656640755
0.9998094512195121 0.058716323434428855
0.9998094512195121 0.05702131416437045
0.9998094512195121 0.05537513097732902
0.9998094512195121 0.053776321796486205
0.9998094512195121 0.05222350714886459
0.9998094512195121 0.05071530756148674
0.9998094512195121 0.04925059767481843
0.9998094512195121 0.04782799801588224
0.9998094512195121 0.046446310621303014
0.9996189024390244 0.045104446433467005
0.9996189024390244 0.04380113488515815
0.9996189024390244 0.04253535952260361
0.9996189024390244 0.0413059586843487
0.9996189024390244 0.040111952218541046
0.9996189024390244 0.038952323671407794
0.9996189024390244 0.03782598398533519
0.9996189024390244 0.03673217081999359
0.9996189024390244 0.03566975881584878
0.9996189024390244 0.03463791302873021
0.9996189024390244 0.03363579851446733
0.9996189024390244 0.03266247142312821
0.9996189024390244 0.031717169414383226
0.9996189024390244 0.030799057544061818
0.9996189024390244 0.029907373471834357
0.9996189024390244 0.029041354857371207
0.9996189024390244 0.028200239360342737
0.9996189024390244 0.02738333724426023
0.9996189024390244 0.026589958772634974
0.9996189024390244 0.02581937790705779
0.9996189024390244 0.025070941212960423
0.9996189024390244 0.024344104161535995
0.9996189024390244 0.023638177016295787
0.9996189024390244 0.022952542644592
0.9996189024390244 0.02228658391377684
0.9996189024390244 0.021639865200804798
0.9996189024390244 0.02101173307110762
0.9996189024390244 0.020401679297798885
0.9996189024390244 0.01980915935207171
0.9996189024390244 0.019233701308960127
0.9996189024390244 0.018674796941577722
0.9996189024390244 0.018131974324958527
0.9996189024390244 0.017604761534136582
0.9996189024390244 0.017092686644145923
0.9996189024390244 0.01659542293770242
0.9996189024390244 0.01611242588599919
0.9996189024390244 0.015643332469831652
0.9996189024390244 0.015187743368074755
0.9996189024390244 0.014745259259603455
0.9996189024390244 0.014315480823292707
0.9996189024390244 0.013898117643778839
0.9996189024390244 0.013492734098016346
0.9996189024390244 0.013099003468721103
0.9996189024390244 0.012716635340529438
0.9996189024390244 0.012345230392316307
0.9996189024390244 0.011984498208718037
0.9996189024390244 0.011634220978211878
0.9996189024390244 0.011293963077752324
0.9996189024390244 0.010963542997737084
0.9996189024390244 0.010642597718961568
0.9996189024390244 0.010330873127982566
0.9996189024390244 0.010028151413277326
0.9996189024390244 0.00973410585756172
0.9996189024390244 0.009448554951233453
0.9996189024390244 0.009171208278928856
0.9996189024390244 0.008901811727204717
0.9996189024390244 0.008640220088379204
0.9994283536585366 0.008386142947088645
0.9994283536585366 0.008139362491810286
0.9994283536585366 0.00789966091102138
0.9994283536585366 0.007666892997040087
0.9994283536585366 0.007440840938343657
0.9994283536585366 0.007221250621488878
0.9994283536585366 0.007007976838793916
0.9994283536585366 0.006800874382576936
0.9994283536585366 0.006599689139394728
0.9994283536585366 0.0064043122034859136
0.9994283536585366 0.006214562065248201
0.9994283536585366 0.006030257215079295
0.9992378048780488 0.0058513250491382795
0.9992378048780488 0.0056774751520614845
0.9992378048780488 0.005508634920007993
0.9992378048780488 0.005344659145295968
0.9992378048780488 0.005185366318323118
0.9992378048780488 0.005030683835248526
0.9992378048780488 0.004880466488390355
0.9992378048780488 0.004734569070066772
0.9992378048780488 0.004592846372595941
0.9992378048780488 0.004455225792136946
0.9992378048780488 0.00432156212100795
0.9992378048780488 0.00419171015152712
0.999047256097561 0.004065669883694455
0.9988567073170732 0.003943259807907662
0.9988567073170732 0.003824298414564447
0.9986661585365854 0.0037088220055852684
0.9986661585365854 0.003596649071367833
0.9986661585365854 0.003487670706150765
0.9986661585365854 0.0033818506080136052
0.9986661585365854 0.003279043569274519
0.9986661585365854 0.0031792132880130476
0.9984756097560976 0.0030823234623087326
0.9982850609756098 0.0029881925825592797
0.9982850609756098 0.002896748044923772
0.9982850609756098 0.0028079172455612914
0.9982850609756098 0.0027216275806309217
0.9980945121951219 0.0026378790501326616
0.9980945121951219 0.0025565264463846774
0.9979039634146342 0.002477533467466509
0.9975228658536586 0.0024008275095372404
0.9975228658536586 0.002326299666835495
0.9973323170731707 0.0022539136374408134
0.9973323170731707 0.0021835968175122787
0.997141768292683 0.002115349207049891
0.9969512195121951 0.002049025598371815
0.9969512195121951 0.0019846259914780514
0.9965701219512195 0.0019221140844481411
0.9959984756097561 0.0018614535753616252
0.9958079268292683 0.0018024629546162102
0.9958079268292683 0.0017451422222118963
0.9956173780487805 0.0016894913781486834
0.9954268292682927 0.0016354741205061127
0.9948551829268293 0.0015830541473637256
0.9942835365853658 0.0015321588548806045
0.9935213414634146 0.0014827882430567495
0.993140243902439 0.0014347245003694083
0.9927591463414634 0.0013880765325799572
0.9927591463414634 0.001342699132006561
0.9925685975609756 0.0012986649024901375
0.9923780487804879 0.0012558649382693103
0.9919969512195121 0.0012143355412645382
0.9918064024390244 0.0011740404095553624
0.9914253048780488 0.001134870637380407
0.9914253048780488 0.001096789922819213
0.9906631097560976 0.0010599434735536154
0.9902820121951219 0.001024077176140403
0.9895198170731707 0.000989336238261411
0.9889481707317073 0.0009555391503143455
0.9878048780487805 0.0009228674219015003
0.987233231707317 0.000890994335738747
0.9864710365853658 0.000860101401428379
0.9857088414634146 0.0008300797132090201
0.985327743902439 0.000800856667239753
0.9847560975609756 0.0007725411692819539
0.9838033536585366 0.0007450606154947052
0.9828506097560976 0.000718415005878007
0.9820884146341463 0.0006924954346704831
0.9811356707317073 0.0006673745057130511
0.9803734756097561 0.0006429433132443345
0.9786585365853658 0.0006193833668666273
0.9777057926829268 0.0005964042512162595
0.9769435975609756 0.0005740059662932312
0.9748475609756098 0.0005525515313021295
0.9731326219512195 0.0005316416251179086
0.971608231707317 0.0005112762477405685
0.9685594512195121 0.0004918184183746962
0.967797256097561 0.00047250579669065883
0.9666539634146342 0.00045381030765441965
0.9647484756097561 0.0004358408570273548
0.963795731707317 0.0004181981236844184
0.9622713414634146 0.00040113622106882147
0.9607469512195121 0.0003846188472601053
0.9590320121951219 0.0003686097003378112
0.9578887195121951 0.0003529635726201042
0.9561737804878049 0.0003378982756297367
0.9554115853658537 0.0003230870920825802
0.953125 0.0003089656450241393
0.9510289634146342 0.00029524351909074434
0.9487423780487805 0.0002819933181233127
0.9466463414634146 0.0002690698344400095
0.9441692073170732 0.0002566182757226696
0.9395960365853658 0.00024492905733496274
0.9382621951219512 0.0002329857255040449
0.9334984756097561 0.0002220225455255124
0.9283536585365854 0.00021149498859248452
0.9256859756097561 0.00020082222397762176
0.9226371951219512 0.00019054878048780488
0.9178734756097561 0.0001809287715662449
0.9140625 0.0001714176684060611
0.9089176829268293 0.00016245109405275802
0.9049161585365854 0.00015355712354037237
0.899390243902439 0.00014524398375532623
0.8932926829268293 0.00013729386317486722
0.8864329268292683 0.00012974306371945412
0.8791920731707317 0.00012251898154816947
0.8713795731707317 0.00011565791858147196
0.8629954268292683 0.00010915987481936165
0.8549923780487805 0.00010280703873908619
0.8450838414634146 9.70350333861502e-05
0.8355564024390244 9.144453763550781e-05
0.8269817073170732 8.58540418848654e-05
0.8172637195121951 8.069916917972761e-05
0.8088795731707317 7.55079945541311e-05
0.7982088414634146 7.093395257633278e-05
0.7894435975609756 6.617840099624087e-05
0.7785823170731707 6.200368014348843e-05
0.7677210365853658 5.804677081348828e-05
0.7581935975609756 5.3980955722111993e-05
0.7448551829268293 5.078638672174491e-05
0.7328506097560976 4.755551580091911e-05
0.7191310975609756 4.4760267925597905e-05
0.7090320121951219 4.1456793163854675e-05
0.6966463414634146 3.873414912945091e-05
0.684641768292683 3.6084108935964574e-05
0.6722560975609756 3.365188026523055e-05
0.659108231707317 3.151006695816625e-05
0.6451981707317073 2.962236709431297e-05
0.6309070121951219 2.798878067367071e-05
0.6164253048780488 2.6427798093945884e-05
0.6030868902439024 2.486681551422106e-05
0.5897484756097561 2.3378436775413667e-05
0.5769817073170732 2.1926359957064992e-05
0.5642149390243902 2.0546886979633753e-05
0.5504954268292683 1.9457829365872244e-05
0.5383003048780488 1.822356407027587e-05
0.5268673780487805 1.6916694933762064e-05
0.5161966463414634 1.557352387678954e-05
0.5041920731707317 1.4593372024404183e-05
0.49066310975609756 1.3976239376605997e-05
0.47751524390243905 1.3395408649266527e-05
0.4662728658536585 1.2524162558257322e-05
0.45464939024390244 1.18344260695417e-05
0.4418826219512195 1.1435104944495815e-05
0.43159298780487804 1.0636462694404044e-05
0.4216844512195122 9.837820444312273e-06
0.4108231707317073 9.329593557890237e-06
0.39939024390243905 8.966574353303069e-06
0.390625 8.204234023670014e-06
0.38071646341463417 7.696007137247977e-06
0.3702362804878049 7.405591773578243e-06
0.36051829268292684 7.006270648532357e-06
0.3509908536585366 6.6432514439451885e-06
0.34184451219512196 6.280232239358019e-06
0.33384146341463417 5.735703432477266e-06
0.3246951219512195 5.481589989266248e-06
0.3159298780487805 5.22747654605523e-06
0.3079268292682927 4.864457341468061e-06
0.29820884146341464 4.864457341468061e-06
0.29001524390243905 4.64664581871576e-06
0.28258384146341464 4.356230455046025e-06
0.27477134146341464 4.17472085275244e-06
0.26657774390243905 4.102117011835007e-06
0.25895579268292684 3.95690933000014e-06
0.25190548780487804 3.775399727706555e-06
0.24466463414634146 3.6664939663304046e-06
0.23761432926829268 3.557588204954254e-06
0.23094512195121952 3.4123805231193862e-06
0.22503810975609756 3.194569000367085e-06
0.2189405487804878 3.0130593980735008e-06
0.21303353658536586 2.867851716238633e-06
0.2073170731707317 2.686342113945049e-06
0.20160060975609756 2.577436352568898e-06
0.19626524390243902 2.3959267502753137e-06
0.19092987804878048 2.287020988899163e-06
0.18540396341463414 2.2144171479817294e-06
0.18025914634146342 2.1055113866055786e-06
0.1754954268292683 1.9603037047707115e-06
0.17016006097560976 1.9603037047707115e-06
0.16501524390243902 1.9603037047707115e-06
0.1604420731707317 1.8876998638532775e-06
0.1558689024390244 1.8150960229358437e-06
0.1520579268292683 1.6335864206422593e-06
0.14786585365853658 1.5609825797248256e-06
0.14386432926829268 1.452076818348675e-06
0.13967225609756098 1.4157748978899582e-06
0.13548018292682926 1.4157748978899582e-06
0.13147865853658536 1.3794729774312412e-06
0.12785823170731708 1.3068691365138074e-06
0.12423780487804878 1.2705672160550906e-06
0.12042682926829268 1.2705672160550906e-06
0.1169969512195122 1.2342652955963739e-06
0.11375762195121951 1.16166145467894e-06
0.11051829268292683 1.125359534220223e-06
0.10746951219512195 1.0527556933027893e-06
0.10442073170731707 1.0164537728440725e-06
0.1015625 9.801518523853557e-07
0.09851371951219512 9.801518523853557e-07
0.09603658536585366 8.712460910092051e-07
0.09375 7.623403296330544e-07
0.09089176829268293 7.623403296330544e-07
0.08841463414634146 7.260384091743375e-07
0.0857469512195122 7.260384091743375e-07
0.08307926829268293 7.260384091743375e-07
0.08060213414634146 7.260384091743375e-07
0.078125 7.260384091743375e-07
0.07583841463414634 7.260384091743375e-07
0.07374237804878049 6.897364887156206e-07
0.07145579268292683 6.897364887156206e-07
0.06955030487804878 6.534345682569037e-07
0.06745426829268293 6.534345682569037e-07
0.06573932926829268 5.8083072733947e-07
0.06383384146341463 5.445288068807531e-07
0.062309451219512195 4.7192496596331937e-07
0.060785060975609755 4.3562304550460253e-07
0.058879573170731704 4.3562304550460253e-07
0.057164634146341466 4.3562304550460253e-07
0.055640243902439025 3.9932112504588564e-07
0.05392530487804878 3.9932112504588564e-07
0.05240091463414634 3.6301920458716875e-07
0.0508765243902439 3.6301920458716875e-07
0.049352134146341466 3.6301920458716875e-07
0.047827743902439025 3.6301920458716875e-07
0.046684451219512195 3.2671728412845186e-07
0.04535060975609756 3.2671728412845186e-07
0.044016768292682924 2.90415363669735e-07
0.0430640243902439 2.5411344321101813e-07
0.041920731707317076 2.1781152275230126e-07
0.04058689024390244 2.1781152275230126e-07
0.03944359756097561 2.1781152275230126e-07
0.03830030487804878 2.1781152275230126e-07
0.03715701219512195 2.1781152275230126e-07
0.03601371951219512 2.1781152275230126e-07
0.034870426829268296 2.1781152275230126e-07
0.03391768292682927 2.1781152275230126e-07
0.03315548780487805 1.8150960229358437e-07
0.03201219512195122 1.8150960229358437e-07
0.031059451219512195 1.8150960229358437e-07
0.030297256097560975 1.8150960229358437e-07
0.02934451219512195 1.8150960229358437e-07
0.028391768292682928 1.8150960229358437e-07
0.027629573170731708 1.8150960229358437e-07
0.026867378048780487 1.452076818348675e-07
0.026105182926829267 1.452076818348675e-07
0.02534298780487805 1.452076818348675e-07
0.02458079268292683 1.452076818348675e-07
0.02381859756097561 1.452076818348675e-07
0.02305640243902439 1.452076818348675e-07
0.022484756097560975 1.452076818348675e-07
0.021722560975609755 1.452076818348675e-07
0.021341463414634148 1.0890576137615063e-07
0.020769817073170733 1.0890576137615063e-07
0.020007621951219513 1.0890576137615063e-07
0.019435975609756097 1.0890576137615063e-07
0.018864329268292682 1.0890576137615063e-07
0.018292682926829267 1.0890576137615063e-07
0.017911585365853657 7.260384091743375e-08
0.017339939024390245 7.260384091743375e-08
0.01714939024390244 3.630192045871688e-08
0.01676829268292683 0.0
0.01638719512195122 0.0
0.015815548780487805 0.0
0.015434451219512195 0.0
0.01486280487804878 0.0
0.014481707317073171 0.0
0.014100609756097561 0.0
0.013719512195121951 0.0
0.013338414634146341 0.0
0.012957317073170731 0.0
0.012576219512195123 0.0
0.012195121951219513 0.0
0.011814024390243903 0.0
0.011432926829268292 0.0
0.011051829268292682 0.0
0.010861280487804877 0.0
0.010480182926829269 0.0
0.010099085365853659 0.0
0.009908536585365854 0.0
0.009527439024390244 0.0
0.009336890243902439 0.0
0.008955792682926829 0.0
0.008765243902439025 0.0
0.00857469512195122 0.0
0.00819359756097561 0.0
0.008003048780487805 0.0
0.0078125 0.0
0.007621951219512195 0.0
0.007240853658536586 0.0
0.007050304878048781 0.0
0.006859756097560976 0.0
0.006669207317073171 0.0
0.0064786585365853655 0.0
0.006288109756097561 0.0
0.006097560975609756 0.0
0.005907012195121951 0.0
0.005716463414634146 0.0
0.005525914634146341 0.0
0.005335365853658537 0.0
0.005144817073170732 0.0
0.004954268292682927 0.0
0.004763719512195122 0.0
0.004573170731707317 0.0
0.004382621951219513 0.0
0.004192073170731708 0.0
0.0040015243902439025 0.0
0.0038109756097560975 0.0
0.003620426829268293 0.0
0.003429878048780488 0.0
0.0032393292682926828 0.0
0.003048780487804878 0.0
0.002858231707317073 0.0
0.0026676829268292685 0.0
0.0024771341463414634 0.0
0.0022865853658536584 0.0
0.002096036585365854 0.0
0.0019054878048780487 0.0
0.001714939024390244 0.0
0.001524390243902439 0.0
0.0013338414634146342 0.0
0.0011432926829268292 0.0
0.0009527439024390244 0.0
0.0007621951219512195 0.0
0.0005716463414634146 0.0
0.00038109756097560977 0.0
0.00019054878048780488 0.0
0.0 0.0
