1.0 0.9716687107068013
1.0 0.9712207813102612
1.0 0.9432697183319471
1.0 0.9161228880994754
1.0 0.8897570210818321
1.0 0.8641500820132987
1.0 0.8392796363070317
1.0 0.8151251007741311
1.0 0.7916653839988105
1.0 0.768880810340181
1.0 0.7467517404592745
1.0 0.7252595877728162
1.0 0.7043857656975312
0.9998094512195121 0.6841125225943153
0.9998094512195121 0.6644226150509505
0.9998094512195121 0.6452992352782644
0.9998094512195121 0.6267261200158916
0.9998094512195121 0.6086874053245914
0.9998094512195121 0.5911677717939305
0.9998094512195121 0.5741521904288389
0.9998094512195121 0.5576262493668945
0.9998094512195121 0.5415758271610388
0.9998094512195121 0.5259872016853384
0.9998094512195121 0.5108470864369056
0.9998094512195121 0.4961427031397386
0.9998094512195121 0.4818613461216771
0.9998094512195121 0.46799092684320825
0.9998094512195121 0.454519647180183
0.9998094512195121 0.4414359631218955
0.9998094512195121 0.4287287299787648
0.9998094512195121 0.41638716608041487
0.9998094512195121 0.4044006712660716
0.9998094512195121 0.3927590809980066
0.9998094512195121 0.3814524848519346
0.9998094512195121 0.3704712265170137
0.9998094512195121 0.359805903795845
0.9998094512195121 0.34944747751023425
0.9998094512195121 0.33938712629351003
0.9998094512195121 0.32961621028860316
0.9998094512195121 0.32012645265764905
0.9998094512195121 0.31090975807238547
0.9998094512195121 0.30195824901607277
0.9998094512195121 0.2932643383873351
0.9998094512195121 0.284820547990558
0.9998094512195121 0.2766197263474111
0.9998094512195121 0.2686548671872459
0.9998094512195121 0.260919218352857
0.9998094512195121 0.2534061365928005
0.9998094512195121 0.24610919646715518
0.9998094512195121 0.23902226295136356
0.9998094512195121 0.23213923732278854
0.9998094512195121 0.22545423867031583
0.9998094512195121 0.21896160389435387
0.9998094512195121 0.21265581510299292
0.9998094512195121 0.20653142700816415
0.9998094512195121 0.20058328473716247
0.9998094512195121 0.1948062697192032
0.9998094512195121 0.18919551749694483
0.9998094512195121 0.1837461636130459
0.9998094512195121 0.17845363402552866
0.9998094512195121 0.17331339099433574
0.9998094512195121 0.1683210419870916
0.9998094512195121 0.16347233967910263
0.9998094512195121 0.1587631456514365
0.9998094512195121 0.15418946669284278
0.9998094512195121 0.14974738219591188
0.9998094512195121 0.14543311676091614
0.9998094512195121 0.1412430038938892
0.9998094512195121 0.13717344970470566
0.9998094512195121 0.13322096920900148
0.9998094512195121 0.12938222263009447
0.9998094512195121 0.12565394279514333
0.9998094512195121 0.1220329351351477
0.9998094512195121 0.11851611398686858
0.9998094512195121 0.11510050259282836
0.9998094512195121 0.11178312419554945
0.9998094512195121 0.1085612561509974
0.9998094512195121 0.10543206690937647
0.9998094512195121 0.10239290643049315
0.9998094512195121 0.09944119727799489
0.9998094512195121 0.09657443461937001
0.9998094512195121 0.09379014992402734
0.9996189024390244 0.09108601986905752
0.9994283536585366 0.08845968482963074
0.9994283536585366 0.08590889408667853
0.9994283536585366 0.08343150582689386
0.9994283536585366 0.08102537823696965
0.9994283536585366 0.07868851471128066
0.9992378048780488 0.07641891864420168
0.9988567073170732 0.0742146660339484
0.9986661585365854 0.07207379657681602
0.9982850609756098 0.06999456778062256
0.9977134146341463 0.06797516454934506
0.9965701219512195 0.0660140259004038
0.9959984756097561 0.06410922783201446
0.9954268292682927 0.062259173059676876
0.9940929878048781 0.060462591016174974
0.9929496951219512 0.058717630303565374
0.9916158536585366 0.05702291144887063
0.9902820121951219 0.05537694607335195
0.9891387195121951 0.053778354704031896
0.9870426829268293 0.05222593937753533
0.9845655487804879 0.050718248017043895
0.9818978658536586 0.04925401005534155
0.9782774390243902 0.04783210013289407
0.9750381097560976 0.04645102987096265
0.9717987804878049 0.04510974651385397
0.9689405487804879 0.043806979494352
0.9666539634146342 0.04254160345292251
0.9628429878048781 0.041312964954997235
0.9586509146341463 0.04011975713143967
0.9554115853658537 0.038960745716954216
0.9535060975609756 0.03783480535200665
0.9495045731707317 0.03674171822507423
0.9470274390243902 0.03567977814589539
0.9428353658536586 0.03464873100102691
0.940358231707317 0.033647088411729996
0.9369283536585366 0.032674414754959136
0.9333079268292683 0.03172980248270286
0.9308307926829268 0.030812162537347417
0.9266387195121951 0.029921277107370046
0.9213033536585366 0.02905623864475928
0.916920731707317 0.02821599439382182
0.913109756097561 0.02739978201422803
0.9092987804878049 0.026607165882932406
0.9049161585365854 0.025837419961525773
0.9001524390243902 0.025089927117360335
0.8969131097560976 0.024363670896663244
0.8938643292682927 0.023658324582150374
0.8866234756097561 0.022974069683424022
0.8824314024390244 0.02230894589677941
0.8751905487804879 0.021663570354864343
0.8668064024390244 0.021037035509667346
0.8580411585365854 0.02042865162469971
0.8483231707317073 0.01983798307691593
0.838795731707317 0.019264340129827286
0.8277439024390244 0.018707541273831486
0.8184070121951219 0.018166497451314767
0.8098323170731707 0.017640918246913464
0.8016387195121951 0.017130440641422988
0.7921112804878049 0.01663495572908196
0.7814405487804879 0.01615399158492442
0.7700076219512195 0.015687076283984407
0.7576219512195121 0.015233846807057326
0.7482850609756098 0.014793141492688502
0.7347560975609756 0.014365940492730322
0.7227515243902439 0.013950864334205355
0.7111280487804879 0.013547695205590845
0.700266768292683 0.013156033785761748
0.6875 0.012776061584320358
0.6751143292682927 0.012407052562857502
0.6646341463414634 0.01204835328680492
0.6524390243902439 0.01170036307728766
0.640625 0.011362355895896547
0.6284298780487805 0.011034259138790664
0.616234756097561 0.010715637182924505
0.604420731707317 0.010406163311013945
0.5935594512195121 0.010105510805774851
0.5813643292682927 0.009813788572968602
0.5695503048780488 0.009530488385708776
0.5567835365853658 0.009255573942074912
0.546875 0.008988065090214629
0.5365853658536586 0.008728433755093886
0.5230564024390244 0.008476897748235436
0.5125762195121951 0.008232113898582308
0.5015243902439024 0.007994554131100465
0.4914253048780488 0.0077636739169830256
0.4798018292682927 0.007539836275434577
0.4693216463414634 0.007322242564205029
0.4567454268292683 0.007111364708260342
0.44702743902439024 0.006906113649986757
0.43845274390243905 0.00670656199322519
0.4272103658536585 0.00651332687062344
0.4176829268292683 0.006325391828408663
0.40796493902439024 0.006142938376183152
0.39939024390243905 0.00596560349474232
0.38948170731707316 0.005793641297529378
0.38166920731707316 0.005626289444214693
0.37347560975609756 0.005463838350161935
0.3631859756097561 0.005306542128814315
0.35327743902439024 0.005153747345603576
0.34508384146341464 0.005005090981325131
0.33689024390243905 0.004860754545581272
0.32679115853658536 0.004720955849894753
0.3208841463414634 0.004584460628969978
0.31364329268292684 0.0044521764308184135
0.30659298780487804 0.004323667632394556
0.3004954268292683 0.004198752724096111
0.2928734756097561 0.004077758423207208
0.2854420731707317 0.003960212804761882
0.2774390243902439 0.0038462247745215117
0.27134146341463417 0.0037352135017587555
0.2654344512195122 0.0036273604960759074
0.25914634146341464 0.0035227383613138856
0.2540015243902439 0.0034209114744271846
0.24790396341463414 0.0033222428546203922
0.2419969512195122 0.0032264420865298384
0.2341844512195122 0.0031337632835987343
0.22865853658536586 0.0030433715016565293
0.22351371951219512 0.0029555208541464342
0.2183689024390244 0.0028702113410684496
0.21303353658536586 0.0027874429624225754
0.20807926829268292 0.0027070342086065176
0.2035060975609756 0.0026288761738589
0.1993140243902439 0.0025528962543388055
0.19416920731707318 0.0024793485634894454
0.18921493902439024 0.0024078700821062314
0.18426067073170732 0.002338497112109624
0.18064024390243902 0.0022709029362154927
0.17644817073170732 0.0022053416678670503
0.17282774390243902 0.002141631797462002
0.1682545731707317 0.0020799185326821836
0.1638719512195122 0.0020199840620048416
0.1598704268292683 0.001961719479668601
0.1566310975609756 0.0019050158799120854
0.15167682926829268 0.0018502725838603403
0.1484375 0.0017968361569451093
0.1442454268292683 0.0017451059202914377
0.14119664634146342 0.0016946825527742798
0.13738567073170732 0.0016458927716777644
0.13395579268292682 0.0015984098597177628
0.13033536585365854 0.0015523790245761098
0.12709603658536586 0.0015076187566505118
0.12195121951219512 0.0014645283770660148
0.11852134146341463 0.0014223455454929858
0.11528201219512195 0.0013813969792155533
0.11185213414634146 0.001341682678233717
0.10842225609756098 0.001303093736786101
0.10480182926829268 0.0012657027587136226
0.10118140243902439 0.0012294008382549057
0.09870426829268293 0.0011939338619667394
0.09489329268292683 0.0011597737548150867
0.09089176829268293 0.0011266301014362782
0.08860518292682927 0.0010941761845461853
0.0859375 0.0010627024195084779
0.08441310975609756 0.0010319546928799447
0.08250762195121951 0.001002150816183338
0.08041158536585366 0.0009732544874981995
0.07926829268292683 0.0009450478953017764
0.07698170731707317 0.0009178214549577388
0.07450457317073171 0.0008914299587842515
0.07221798780487805 0.0008658371048608562
0.0701219512195122 0.0008409339874261764
0.06764481707317073 0.0008168295122415884
0.06669207317073171 0.0007931243581820463
0.06421493902439024 0.0007704356578953482
0.061928353658536585 0.0007483277883359897
0.06021341463414634 0.0007268007495039706
0.05811737804878049 0.0007059634471606671
0.057164634146341466 0.0006854891640219507
0.054878048780487805 0.0006658861269742436
0.05392530487804878 0.000646609807210665
0.05278201219512195 0.0006279143181744257
0.05125762195121951 0.0006098722637064435
0.050495426829268296 0.0005921932284430484
0.049352134146341466 0.0005750587219865341
0.047065548780487805 0.0005586865558596527
0.045541158536585365 0.0005426411070168999
0.04458841463414634 0.0005269586773787342
0.044016768292682924 0.0005116755688656144
0.042682926829268296 0.000496973291079834
0.04058689024390244 0.00048281554210093445
0.03982469512195122 0.00046883930272432844
0.03868140243902439 0.0004553712902341445
0.037347560975609755 0.0004423025988690064
0.036204268292682924 0.0004295969267084555
0.0352515243902439 0.00041721797183203303
0.03429878048780488 0.00040520203616019773
0.03353658536585366 0.00039347651585203223
0.032964939024390245 0.0003820777128279951
0.032202743902439025 0.0003710419290085452
0.03163109756097561 0.000360296560552765
0.030678353658536585 0.00034995051322203065
0.02972560975609756 0.0003398948812549661
0.028772865853658538 0.00033012966465157127
0.028201219512195123 0.00032058225957092874
0.027439024390243903 0.0003113615717744146
0.026486280487804877 0.0003024312993415703
0.025914634146341462 0.0002936825365110195
0.02496189024390244 0.00028522418904413846
0.02381859756097561 0.00027712886078184464
0.02305640243902439 0.0002691787402013856
0.02153201219512195 0.0002615916388255138
0.020007621951219513 0.0002542223489723943
0.019626524390243903 0.00024688936103973346
0.018864329268292682 0.00023981048655028367
0.018864329268292682 0.0002328042159017513
0.018292682926829267 0.0002261246625373474
0.018102134146341462 0.00021955401493431966
0.016958841463414635 0.00021334638653587907
0.016958841463414635 0.00020710245621697977
0.01638719512195122 0.00020118524318220893
0.01600609756097561 0.00019537693590881421
0.01524390243902439 0.00018978644015817182
0.015053353658536585 0.0001843048501689056
0.01486280487804878 0.0001789321659410155
0.014672256097560975 0.00017374099131541897
0.014100609756097561 0.00016876762821257477
0.013719512195121951 0.0001639031708711067
0.013719512195121951 0.00015911131737055605
0.013719512195121951 0.0001544646715518403
0.013528963414634146 0.0001499632334149594
0.013147865853658536 0.0001456796068008308
0.013147865853658536 0.00014139598018670223
0.012576219512195123 0.00013736646701578465
0.012385670731707318 0.0001333732557653258
0.012195121951219513 0.0001295252521967018
0.011432926829268292 0.0001258587582303714
0.010670731707317074 0.00012230117002541715
0.010480182926829269 0.00011877988374092161
0.010289634146341464 0.00011533120129734351
0.009908536585365854 0.00011202772653560028
0.009527439024390244 0.0001088331575352332
0.009146341463414634 0.00010571119237578353
0.008955792682926829 0.00010266183105725132
0.008765243902439025 9.968507357963654e-05
0.00857469512195122 9.681722186339791e-05
0.00819359756097561 9.405827590853543e-05
0.007240853658536586 9.148083955596652e-05
0.007240853658536586 8.879449744202147e-05
0.007050304878048781 8.625336300991129e-05
0.007050304878048781 8.371222857780111e-05
0.007050304878048781 8.127999990706709e-05
0.006859756097560976 7.892037507725049e-05
0.006859756097560976 7.663335408835133e-05
0.006859756097560976 7.438263501991088e-05
0.006669207317073171 7.224082171284658e-05
0.006288109756097561 7.020791416715844e-05
0.006288109756097561 6.813870470101158e-05
0.006288109756097561 6.614209907578214e-05
0.005907012195121951 6.429070113238759e-05
0.005907012195121951 6.240300126853431e-05
0.005716463414634146 6.058790524559847e-05
0.005716463414634146 5.880911114312134e-05
0.005716463414634146 5.710292088156164e-05
0.005335365853658537 5.55056363813781e-05
0.005335365853658537 5.387204996073584e-05
0.005335365853658537 5.22747654605523e-05
0.005144817073170732 5.078638672174491e-05
0.004763719512195122 4.937061182385495e-05
0.004763719512195122 4.791853500550628e-05
0.004763719512195122 4.650276010761632e-05
0.004382621951219513 4.523219289156123e-05
0.004382621951219513 4.38890218345887e-05
0.004382621951219513 4.261845461853361e-05
0.004382621951219513 4.134788740247852e-05
0.004382621951219513 4.014992402734087e-05
0.004192073170731708 3.898826257266192e-05
0.004192073170731708 3.7862903038441704e-05
0.004192073170731708 3.673754350422148e-05
0.0040015243902439025 3.5684787810918687e-05
0.0040015243902439025 3.4632032117615896e-05
0.0038109756097560975 3.365188026523055e-05
0.0038109756097560975 3.267172841284519e-05
0.003429878048780488 3.180048232183598e-05
0.003048780487804878 3.092923623082678e-05
0.003048780487804878 3.0021688219358855e-05
0.003048780487804878 2.9150442128349652e-05
0.003048780487804878 2.8279196037340446e-05
0.0026676829268292685 2.7516855707707392e-05
0.0024771341463414634 2.6754515378074336e-05
0.0024771341463414634 2.5955873127982565e-05
0.0024771341463414634 2.519353279834951e-05
0.0024771341463414634 2.4467494389175176e-05
0.0024771341463414634 2.3741455980000836e-05
0.0024771341463414634 2.3051719491285215e-05
0.0022865853658536584 2.239828492302831e-05
0.0022865853658536584 2.1744850354771407e-05
0.002096036585365854 2.112771770697322e-05
0.002096036585365854 2.0510585059175035e-05
0.0019054878048780487 1.996605625229428e-05
0.0019054878048780487 1.9385225524954812e-05
0.001714939024390244 1.8840696718074058e-05
0.001714939024390244 1.8296167911193304e-05
0.001714939024390244 1.7751639104312553e-05
0.001714939024390244 1.7243412217890516e-05
0.001714939024390244 1.673518533146848e-05
0.001714939024390244 1.6226958445046443e-05
0.001714939024390244 1.5755033479083124e-05
0.001524390243902439 1.5319410433578522e-05
0.001524390243902439 1.4883787388073919e-05
0.001524390243902439 1.4448164342569316e-05
0.001524390243902439 1.4012541297064714e-05
0.001524390243902439 1.3613220172018829e-05
0.001524390243902439 1.3213899046972942e-05
0.001524390243902439 1.2814577921927056e-05
0.001524390243902439 1.2415256796881171e-05
0.001524390243902439 1.2052237592294003e-05
0.001524390243902439 1.1725520308165551e-05
0.001524390243902439 1.1362501103578382e-05
0.001524390243902439 1.103578381944993e-05
0.0013338414634146342 1.0745368455780195e-05
0.0011432926829268292 1.045495309211046e-05
0.0009527439024390244 1.0164537728440725e-05
0.0009527439024390244 9.87412236477099e-06
0.0009527439024390244 9.583707001101255e-06
0.0009527439024390244 9.29329163743152e-06
0.0007621951219512195 9.075480114679218e-06
0.0007621951219512195 8.8213666714682e-06
0.0007621951219512195 8.530951307798466e-06
0.0007621951219512195 8.313139785046165e-06
0.0007621951219512195 8.059026341835147e-06
0.0007621951219512195 7.804912898624128e-06
0.0007621951219512195 7.587101375871827e-06
0.0005716463414634146 7.405591773578243e-06
0.0005716463414634146 7.187780250825941e-06
0.0005716463414634146 6.9699687280736404e-06
0.0005716463414634146 6.752157205321339e-06
0.0005716463414634146 6.570647603027754e-06
0.00038109756097560977 6.425439921192887e-06
0.00038109756097560977 6.2076283984405854e-06
0.00038109756097560977 6.0261187961470015e-06
0.00038109756097560977 5.8809111143121335e-06
0.00038109756097560977 5.69940151201855e-06
0.00038109756097560977 5.517891909724965e-06
0.00038109756097560977 5.372684227890098e-06
0.00038109756097560977 5.191174625596513e-06
0.00038109756097560977 5.045966943761646e-06
0.00038109756097560977 4.900759261926778e-06
0.00038109756097560977 4.755551580091911e-06
0.00038109756097560977 4.6103438982570435e-06
0.00038109756097560977 4.4651362164221755e-06
0.00038109756097560977 4.356230455046025e-06
0.00038109756097560977 4.211022773211157e-06
0.00038109756097560977 4.102117011835007e-06
0.00038109756097560977 3.9932112504588565e-06
0.00038109756097560977 3.8480035686239885e-06
0.00038109756097560977 3.739097807247838e-06
0.00038109756097560977 3.6301920458716874e-06
0.00038109756097560977 3.521286284495537e-06
0.00038109756097560977 3.4123805231193862e-06
0.00038109756097560977 3.3034747617432355e-06
0.00038109756097560977 3.230870920825802e-06
0.00038109756097560977 3.121965159449651e-06
0.00038109756097560977 3.0493613185322175e-06
0.00038109756097560977 2.9404555571560668e-06
0.00038109756097560977 2.867851716238633e-06
0.00038109756097560977 2.7589459548624824e-06
0.00038109756097560977 2.686342113945049e-06
0.00038109756097560977 2.613738273027615e-06
0.00038109756097560977 2.5411344321101813e-06
0.00019054878048780488 2.5048325116514645e-06
0.00019054878048780488 2.4322286707340305e-06
0.00019054878048780488 2.359624829816597e-06
0.00019054878048780488 2.287020988899163e-06
0.00019054878048780488 2.2144171479817294e-06
0.00019054878048780488 2.141813307064296e-06
0.00019054878048780488 2.069209466146862e-06
0.00019054878048780488 2.032907545688145e-06
0.00019054878048780488 1.9603037047707115e-06
0.00019054878048780488 1.8876998638532775e-06
0.00019054878048780488 1.8513979433945607e-06
0.00019054878048780488 1.778794102477127e-06
0.00019054878048780488 1.7424921820184101e-06
0.00019054878048780488 1.6698883411009763e-06
0.00019054878048780488 1.6335864206422593e-06
0.00019054878048780488 1.5972845001835425e-06
0.00019054878048780488 1.5246806592661088e-06
0.00019054878048780488 1.488378738807392e-06
0.00019054878048780488 1.452076818348675e-06
0.00019054878048780488 1.4157748978899582e-06
0.00019054878048780488 1.3431710569725244e-06
0.00019054878048780488 1.3068691365138074e-06
0.00019054878048780488 1.2705672160550906e-06
0.00019054878048780488 1.2342652955963739e-06
0.00019054878048780488 1.1979633751376569e-06
0.00019054878048780488 1.16166145467894e-06
0.00019054878048780488 1.125359534220223e-06
0.00019054878048780488 1.0890576137615063e-06
0.00019054878048780488 1.0527556933027893e-06
0.00019054878048780488 1.0164537728440725e-06
0.00019054878048780488 9.801518523853557e-07
0.00019054878048780488 9.438499319266387e-07
0.00019054878048780488 9.075480114679218e-07
0.00019054878048780488 8.712460910092051e-07
0.0 8.712460910092051e-07
0.0 8.349441705504882e-07
0.0 7.986422500917713e-07
0.0 7.623403296330544e-07
0.0 7.260384091743375e-07
0.0 6.897364887156206e-07
0.0 6.534345682569037e-07
0.0 6.171326477981869e-07
0.0 5.8083072733947e-07
0.0 5.445288068807531e-07
0.0 5.082268864220363e-07
0.0 4.7192496596331937e-07
0.0 4.3562304550460253e-07
0.0 3.9932112504588564e-07
0.0 3.6301920458716875e-07
0.0 3.2671728412845186e-07
0.0 2.90415363669735e-07
0.0 2.5411344321101813e-07
0.0 2.1781152275230126e-07
0.0 1.8150960229358437e-07
0.0 1.452076818348675e-07
0.0 1.0890576137615063e-07
0.0 7.260384091743375e-08
0.0 3.630192045871688e-08
0.0 0.0
