1.0 0.9999698331040988
1.0 0.9712207813102612
1.0 0.9432697183319471
1.0 0.9161228880994754
1.0 0.889757166289514
1.0 0.8641501183152192
1.0 0.8392798178166341
1.0 0.8151251733779721
1.0 0.7916655292064922
1.0 0.7688809192459423
1.0 0.7467519219688767
1.0 0.7252596240747367
1.0 0.7043857656975312
1.0 0.6841124862923949
1.0 0.66442257874903
1.0 0.6452991989763439
1.0 0.6267260837139711
1.0 0.6086874053245914
1.0 0.5911677354920101
1.0 0.5741521541269184
1.0 0.5576262130649741
1.0 0.5415757908591183
1.0 0.5259871290814975
1.0 0.5108470864369056
1.0 0.4961426668378181
1.0 0.4818613098197566
1.0 0.4679908905412878
1.0 0.45451961087826254
1.0 0.441435926819975
1.0 0.42872869367684435
1.0 0.4163871297784944
1.0 0.40440063496415113
1.0 0.39275904469608613
1.0 0.38145244855001414
1.0 0.3704711902150932
1.0 0.3598058674939245
1.0 0.3494474412083138
1.0 0.33938708999158956
1.0 0.3296161739866827
1.0 0.32012641635572864
1.0 0.310909721770465
1.0 0.3019582127141523
1.0 0.29326430208541465
1.0 0.2848204753867171
1.0 0.27661969004549064
1.0 0.26865483088532544
1.0 0.2609191820509365
1.0 0.25340610029088
1.0 0.24610916016523474
1.0 0.2390222266494431
1.0 0.23213920102086807
1.0 0.22545420236839536
1.0 0.2189615675924334
1.0 0.21265577880107245
1.0 0.2065313907062437
1.0 0.20058324843524203
1.0 0.19480623341728273
1.0 0.18919548119502438
1.0 0.18374612731112547
1.0 0.17845359772360822
1.0 0.17331335469241527
1.0 0.16832093308133025
1.0 0.1634723033771822
1.0 0.15876310934951604
1.0 0.1541894303909223
1.0 0.1497473458939914
1.0 0.14543304415707523
1.0 0.14124296759196875
1.0 0.1371734134027852
1.0 0.1332208603032401
1.0 0.129382186328174
1.0 0.12565387019130242
1.0 0.12203289883322724
1.0 0.11851604138302767
1.0 0.11510046629090791
1.0 0.11178308789362898
1.0 0.10856121984907695
1.0 0.10543203060745601
1.0 0.10239287012857269
1.0 0.09944116097607442
1.0 0.09657436201552909
1.0 0.09379007732018642
1.0 0.0910859472652166
1.0 0.08845957592386935
1.0 0.08590878518091716
1.0 0.08343139692113248
1.0 0.08102526933120827
1.0 0.07868840580551928
1.0 0.07641877343651984
1.0 0.07421441192050518
1.0 0.07207354246337282
1.0 0.06999424106333843
1.0 0.0679746926243791
1.0 0.06601337246583554
1.0 0.06410846549168482
1.0 0.06225833811550632
1.0 0.060461465656640755
1.0 0.0587162871325084
1.0 0.05702127786244999
1.0 0.055375094675408555
1.0 0.05377628549456575
1.0 0.052223398243103215
1.0 0.05071530756148674
1.0 0.049250561372897975
1.0 0.047827961713961774
1.0 0.04644627431938255
1.0 0.045104337527705624
1.0 0.04380106228131723
1.0 0.042535250616842234
1.0 0.041305849778587325
1.0 0.04011187961470013
1.0 0.038952251067566876
1.0 0.037825947683414726
1.0 0.03673209821615267
1.0 0.03566968621200786
0.9998094512195121 0.03463787672680975
0.9998094512195121 0.033635762212546876
0.9998094512195121 0.032662435121207756
0.9998094512195121 0.03171709681054231
0.9998094512195121 0.030799021242141362
0.9998094512195121 0.029907337169913898
0.9998094512195121 0.02904124595160983
0.9998094512195121 0.028200203058422278
0.9998094512195121 0.02738330094233977
0.9998094512195121 0.026589922470714514
0.9998094512195121 0.02581934160513733
0.9998094512195121 0.025070941212960423
0.9998094512195121 0.024344031557695076
0.9998094512195121 0.02363806811053441
0.9998094512195121 0.02295250634267154
0.9998094512195121 0.022286547611856382
0.9998094512195121 0.021639828898884342
0.9998094512195121 0.02101169676918716
0.9998094512195121 0.020401642995878426
0.9998094512195121 0.01980912305015125
0.9998094512195121 0.019233665007039668
0.9998094512195121 0.018674760639657263
0.9998094512195121 0.01813193802303807
0.9998094512195121 0.017604725232216126
0.9998094512195121 0.017092686644145923
0.9998094512195121 0.016595386635781962
0.9998094512195121 0.01611238958407873
0.9998094512195121 0.015643296167911193
0.9998094512195121 0.015187707066154297
0.9998094512195121 0.014745222957682996
0.9998094512195121 0.014315444521372248
0.9998094512195121 0.01389808134185838
0.9998094512195121 0.013492697796095889
0.9996189024390244 0.013098967166800646
0.9996189024390244 0.012716635340529438
0.9996189024390244 0.012345230392316307
0.9996189024390244 0.011984498208718037
0.9996189024390244 0.011634220978211878
0.9996189024390244 0.011293963077752324
0.9996189024390244 0.010963542997737084
0.9996189024390244 0.010642597718961568
0.9996189024390244 0.010330873127982566
0.9996189024390244 0.010028151413277326
0.9996189024390244 0.00973410585756172
0.9996189024390244 0.009448554951233453
0.9996189024390244 0.009171171977008397
0.9996189024390244 0.008901811727204717
0.9996189024390244 0.008640183786458745
0.9996189024390244 0.008386106645168185
0.9996189024390244 0.008139326189889828
0.9996189024390244 0.00789966091102138
0.9996189024390244 0.007666856695119628
0.9996189024390244 0.007440804636423198
0.9996189024390244 0.00722121431956842
0.9996189024390244 0.007007940536873458
0.9996189024390244 0.006800838080656478
0.9996189024390244 0.006599652837474269
0.9996189024390244 0.006404275901565455
0.9996189024390244 0.006214489461407283
0.9996189024390244 0.006030220913158836
0.9996189024390244 0.005851252445297362
0.9996189024390244 0.005677402548220567
0.9996189024390244 0.005508562316167075
0.9996189024390244 0.005344586541455051
0.9996189024390244 0.005185293714482201
0.9996189024390244 0.005030611231407608
0.9996189024390244 0.004880393884549438
0.9996189024390244 0.004734496466225855
0.9996189024390244 0.0045927737687550246
0.9996189024390244 0.004455153188296029
0.9996189024390244 0.004321489517167033
0.9996189024390244 0.004191637547686203
0.9996189024390244 0.004065560977933079
0.9996189024390244 0.003943114600225827
0.9996189024390244 0.0038241532068826116
0.9996189024390244 0.0037086404959829748
0.9996189024390244 0.0035964675617655394
0.9996189024390244 0.0034874891965484714
0.9996189024390244 0.003381669098411312
0.9996189024390244 0.0032788620596722255
0.9996189024390244 0.0031790680803312128
0.9996189024390244 0.00308210565078598
0.9996189024390244 0.0029879384691160684
0.9996189024390244 0.0028964939314805606
0.9996189024390244 0.0028076631321180805
0.9996189024390244 0.0027213734671877104
0.9996189024390244 0.002637588634768992
0.9996189024390244 0.0025562360310210073
0.9996189024390244 0.0024772067501823807
0.9996189024390244 0.0024004281884121947
0.9996189024390244 0.002325900345710449
0.9996189024390244 0.002253478014395309
0.9996189024390244 0.002183161194466774
0.9996189024390244 0.0021148772820839276
0.9996189024390244 0.0020485173714853934
0.9996189024390244 0.0019841177645916297
0.9996189024390244 0.0019215332537208015
0.9996189024390244 0.0018607638388729096
0.9996189024390244 0.001801736916207036
0.9996189024390244 0.0017444161838027221
0.9996189024390244 0.0016887290378190503
0.9996189024390244 0.0016346391763355623
0.9996189024390244 0.0015821465993522575
0.9996189024390244 0.0015311424011077604
0.9996189024390244 0.0014816265816020705
0.9996189024390244 0.001433490235073812
0.9996189024390244 0.0013867696634434433
0.9996189024390244 0.0013413922628700472
0.9996189024390244 0.001297321731433165
0.9996189024390244 0.001254485465291879
0.9996189024390244 0.0012129197663666483
0.9996189024390244 0.0011725520308165551
0.9996189024390244 0.001133309654800682
0.9996189024390244 0.0010952289402394882
0.9996189024390244 0.0010582372832920557
0.9996189024390244 0.0010222983820379259
0.9996189024390244 0.000987412236477099
0.9996189024390244 0.0009535062427686574
0.9996189024390244 0.00092061670283306
0.9996189024390244 0.0008886347109089304
0.9996189024390244 0.0008575965689167275
0.9996189024390244 0.0008274296730155338
0.9996189024390244 0.0007981340232053492
0.9996189024390244 0.0007697096194861739
0.9996189024390244 0.0007420475560966317
0.9996189024390244 0.0007152204368776399
0.9996189024390244 0.0006891556579882812
0.9996189024390244 0.0006638532194285555
0.9996189024390244 0.0006392768192780042
0.9996189024390244 0.0006153901556161684
0.9996189024390244 0.0005922295303635071
0.9996189024390244 0.0005696860377586439
0.9996189024390244 0.0005478322816424964
0.9996189024390244 0.000526595658174147
0.9996189024390244 0.0005059035635126784
0.9996189024390244 0.00048590120533992536
0.9996189024390244 0.00046644337597405314
0.9996189024390244 0.00044753007541506164
0.9996189024390244 0.0004291976055834096
0.9996189024390244 0.0004113733626381796
0.9996189024390244 0.00039402104465891295
0.9996189024390244 0.00037721325548652706
0.9996189024390244 0.00036087739128010446
0.9994283536585366 0.00034504975396010387
0.9994283536585366 0.0003296577396856079
0.9994283536585366 0.0003147013484566166
0.9994283536585366 0.0003001442783526711
0.9994283536585366 0.00028602283129423026
0.9994283536585366 0.000272337007281294
0.9994283536585366 0.0002590142024729449
0.9994283536585366 0.0002460907187896417
0.9994283536585366 0.00023353025431092567
0.9994283536585366 0.00022133280903679679
0.9994283536585366 0.00020946208104679636
0.9994283536585366 0.00019795437226138312
0.9994283536585366 0.00018677338076009833
0.9994283536585366 0.00017591910654294197
0.9994283536585366 0.0001653915496099141
0.9992378048780488 0.00015519070996101463
0.9992378048780488 0.00014524398375532623
0.999047256097561 0.00013562397483376625
0.999047256097561 0.00012625807935541728
0.9988567073170732 0.00011718259924073808
0.9988567073170732 0.00010832493064881115
0.9988567073170732 9.972137550009525e-05
0.9988567073170732 9.137193379459037e-05
0.9988567073170732 8.327660553229651e-05
0.9988567073170732 7.539908879275496e-05
0.9988567073170732 6.773938357596569e-05
0.9986661585365854 6.037009372284616e-05
0.9984756097560976 5.318231347202022e-05
0.9980945121951219 4.62486466644053e-05
0.997141768292683 3.964169714091883e-05
0.9965701219512195 3.3143653378808507e-05
0.9956173780487805 2.6899723059909206e-05
0.9942835365853658 2.090990618422092e-05
0.9919969512195121 1.5319410433578522e-05
0.9862804878048781 1.0527556933027895e-05
0.9765625 6.6432514439451885e-06
0.9626524390243902 3.775399727706555e-06
0.9416920731707317 2.359624829816597e-06
0.9180640243902439 1.6335864206422593e-06
0.8946265243902439 1.0164537728440725e-06
0.870045731707317 7.623403296330544e-07
0.8454649390243902 6.534345682569037e-07
0.8220274390243902 4.7192496596331937e-07
0.7985899390243902 3.9932112504588564e-07
0.776295731707317 2.90415363669735e-07
0.7538109756097561 2.90415363669735e-07
0.7324695121951219 2.1781152275230126e-07
0.7116996951219512 1.452076818348675e-07
0.6913109756097561 1.452076818348675e-07
0.6716844512195121 7.260384091743375e-08
0.6524390243902439 3.630192045871688e-08
0.633765243902439 3.630192045871688e-08
0.6154725609756098 3.630192045871688e-08
0.5977515243902439 3.630192045871688e-08
0.5806021341463414 3.630192045871688e-08
0.5638338414634146 3.630192045871688e-08
0.5476371951219512 3.630192045871688e-08
0.5318216463414634 3.630192045871688e-08
0.516577743902439 3.630192045871688e-08
0.5017149390243902 3.630192045871688e-08
0.4872332317073171 3.630192045871688e-08
0.4731326219512195 3.630192045871688e-08
0.45960365853658536 3.630192045871688e-08
0.44626524390243905 3.630192045871688e-08
0.4334984756097561 3.630192045871688e-08
0.42092225609756095 3.630192045871688e-08
0.4089176829268293 3.630192045871688e-08
0.39710365853658536 3.630192045871688e-08
0.3856707317073171 3.630192045871688e-08
0.3746189024390244 3.630192045871688e-08
0.3637576219512195 3.630192045871688e-08
0.35327743902439024 3.630192045871688e-08
0.3431783536585366 3.630192045871688e-08
0.3332698170731707 3.630192045871688e-08
0.3235518292682927 3.630192045871688e-08
0.31421493902439024 3.630192045871688e-08
0.3052591463414634 3.630192045871688e-08
0.2964939024390244 3.630192045871688e-08
0.28791920731707316 3.630192045871688e-08
0.27953506097560976 3.630192045871688e-08
0.27153201219512196 3.630192045871688e-08
0.26371951219512196 3.630192045871688e-08
0.25609756097560976 3.630192045871688e-08
0.24866615853658536 3.630192045871688e-08
0.24161585365853658 3.630192045871688e-08
0.2345655487804878 3.630192045871688e-08
0.22789634146341464 3.630192045871688e-08
0.22122713414634146 3.630192045871688e-08
0.2149390243902439 3.630192045871688e-08
0.20865091463414634 3.630192045871688e-08
0.2027439024390244 3.630192045871688e-08
0.19683689024390244 3.630192045871688e-08
0.1911204268292683 3.630192045871688e-08
0.18559451219512196 3.630192045871688e-08
0.18025914634146342 3.630192045871688e-08
0.17511432926829268 3.630192045871688e-08
0.17016006097560976 3.630192045871688e-08
0.16520579268292682 3.630192045871688e-08
0.1604420731707317 3.630192045871688e-08
0.1558689024390244 3.630192045871688e-08
0.15129573170731708 3.630192045871688e-08
0.14691310975609756 3.630192045871688e-08
0.14272103658536586 3.630192045871688e-08
0.13852896341463414 3.630192045871688e-08
0.13452743902439024 3.630192045871688e-08
0.13071646341463414 3.630192045871688e-08
0.12690548780487804 3.630192045871688e-08
0.12328506097560976 3.630192045871688e-08
0.11966463414634146 3.630192045871688e-08
0.11642530487804878 0.0
0.11299542682926829 0.0
0.10975609756097561 0.0
0.10670731707317073 0.0
0.10365853658536585 0.0
0.10060975609756098 0.0
0.0977515243902439 0.0
0.09489329268292683 0.0
0.09222560975609756 0.0
0.08955792682926829 0.0
0.08689024390243902 0.0
0.08441310975609756 0.0
0.0819359756097561 0.0
0.07964939024390244 0.0
0.07736280487804878 0.0
0.07507621951219512 0.0
0.07298018292682927 0.0
0.07088414634146341 0.0
0.06878810975609756 0.0
0.06669207317073171 0.0
0.06478658536585366 0.0
0.06307164634146341 0.0
0.061166158536585365 0.0
0.05945121951219512 0.0
0.05773628048780488 0.0
0.056021341463414635 0.0
0.05430640243902439 0.0
0.05278201219512195 0.0
0.05125762195121951 0.0
0.049733231707317076 0.0
0.04839939024390244 0.0
0.047065548780487805 0.0
0.045541158536585365 0.0
0.044397865853658534 0.0
0.0430640243902439 0.0
0.04173018292682927 0.0
0.04058689024390244 0.0
0.03944359756097561 0.0
0.03830030487804878 0.0
0.03715701219512195 0.0
0.03601371951219512 0.0
0.0350609756097561 0.0
0.034108231707317076 0.0
0.032964939024390245 0.0
0.03201219512195122 0.0
0.03125 0.0
0.030297256097560975 0.0
0.02934451219512195 0.0
0.028582317073170733 0.0
0.027629573170731708 0.0
0.026867378048780487 0.0
0.026105182926829267 0.0
0.02534298780487805 0.0
0.02458079268292683 0.0
0.02381859756097561 0.0
0.023246951219512195 0.0
0.022484756097560975 0.0
0.02191310975609756 0.0
0.021341463414634148 0.0
0.020579268292682928 0.0
0.020007621951219513 0.0
0.019435975609756097 0.0
0.018864329268292682 0.0
0.018292682926829267 0.0
0.017721036585365852 0.0
0.017339939024390245 0.0
0.01676829268292683 0.0
0.01638719512195122 0.0
0.015815548780487805 0.0
0.015434451219512195 0.0
0.01486280487804878 0.0
0.014481707317073171 0.0
0.014100609756097561 0.0
0.013719512195121951 0.0
0.013338414634146341 0.0
0.012957317073170731 0.0
0.012576219512195123 0.0
0.012195121951219513 0.0
0.011814024390243903 0.0
0.011432926829268292 0.0
0.011051829268292682 0.0
0.010861280487804877 0.0
0.010480182926829269 0.0
0.010099085365853659 0.0
0.009908536585365854 0.0
0.009527439024390244 0.0
0.009336890243902439 0.0
0.008955792682926829 0.0
0.008765243902439025 0.0
0.00857469512195122 0.0
0.00819359756097561 0.0
0.008003048780487805 0.0
0.0078125 0.0
0.007621951219512195 0.0
0.007240853658536586 0.0
0.007050304878048781 0.0
0.006859756097560976 0.0
0.006669207317073171 0.0
0.0064786585365853655 0.0
0.006288109756097561 0.0
0.006097560975609756 0.0
0.005907012195121951 0.0
0.005716463414634146 0.0
0.005525914634146341 0.0
0.005335365853658537 0.0
0.005144817073170732 0.0
0.004954268292682927 0.0
0.004763719512195122 0.0
0.004573170731707317 0.0
0.004382621951219513 0.0
0.004192073170731708 0.0
0.0040015243902439025 0.0
0.0038109756097560975 0.0
0.003620426829268293 0.0
0.003429878048780488 0.0
0.0032393292682926828 0.0
0.003048780487804878 0.0
0.002858231707317073 0.0
0.0026676829268292685 0.0
0.0024771341463414634 0.0
0.0022865853658536584 0.0
0.002096036585365854 0.0
0.0019054878048780487 0.0
0.001714939024390244 0.0
0.001524390243902439 0.0
0.0013338414634146342 0.0
0.0011432926829268292 0.0
0.0009527439024390244 0.0
0.0007621951219512195 0.0
0.0005716463414634146 0.0
0.00038109756097560977 0.0
0.00019054878048780488 0.0
0.0 0.0
