1.0 0.9926149188114809
1.0 0.9712207813102612
1.0 0.9432697183319471
1.0 0.9161228880994754
1.0 0.889757166289514
1.0 0.8641501183152192
1.0 0.8392798541185545
1.0 0.8151251733779721
1.0 0.7916655292064922
1.0 0.7688809192459423
1.0 0.7467518856669563
1.0 0.7252596240747367
1.0 0.7043857656975312
1.0 0.6841124862923949
1.0 0.66442257874903
1.0 0.6452991989763439
1.0 0.6267260837139711
1.0 0.6086874053245914
1.0 0.5911677354920101
1.0 0.5741521541269184
1.0 0.5576262130649741
1.0 0.5415757908591183
1.0 0.5259871653834179
1.0 0.5108470864369056
1.0 0.4961426668378181
1.0 0.4818613098197566
1.0 0.46799092684320825
1.0 0.45451961087826254
1.0 0.441435926819975
1.0 0.42872869367684435
1.0 0.4163871297784944
1.0 0.40440063496415113
1.0 0.39275904469608613
1.0 0.38145244855001414
1.0 0.3704711902150932
1.0 0.3598058674939245
1.0 0.3494474412083138
1.0 0.33938708999158956
1.0 0.3296161739866827
1.0 0.32012641635572864
1.0 0.310909721770465
1.0 0.3019582127141523
1.0 0.29326430208541465
1.0 0.28482051168863753
1.0 0.27661969004549064
1.0 0.26865483088532544
1.0 0.2609191820509365
1.0 0.25340610029088
1.0 0.24610916016523474
1.0 0.2390222266494431
1.0 0.23213920102086807
1.0 0.22545420236839536
1.0 0.2189615675924334
1.0 0.21265577880107245
1.0 0.2065313907062437
1.0 0.20058324843524203
1.0 0.19480623341728273
1.0 0.18919548119502438
1.0 0.18374612731112547
1.0 0.17845359772360822
1.0 0.17331335469241527
1.0 0.16832100568517117
1.0 0.1634723033771822
1.0 0.15876310934951604
1.0 0.1541894303909223
1.0 0.1497473458939914
1.0 0.14543308045899567
1.0 0.14124296759196875
1.0 0.1371734134027852
1.0 0.13322093290708104
1.0 0.129382186328174
1.0 0.12565390649322286
1.0 0.12203286253130678
1.0 0.11851607768494812
1.0 0.11510046629090791
1.0 0.11178308789362898
0.9998094512195121 0.1085612561509974
0.9998094512195121 0.10543206690937647
0.9998094512195121 0.10239290643049315
0.9998094512195121 0.09944119727799489
0.9998094512195121 0.09657443461937001
0.9998094512195121 0.09379014992402734
0.9998094512195121 0.09108598356713707
0.9998094512195121 0.08845961222578981
0.9998094512195121 0.08590878518091716
0.9996189024390244 0.08343146952497339
0.9996189024390244 0.08102534193504919
0.9996189024390244 0.0786884784093602
0.9996189024390244 0.07641880973844031
0.9996189024390244 0.07421452082626656
0.9996189024390244 0.07207361506721373
0.9996189024390244 0.06999431366717934
0.9996189024390244 0.06797483783206093
0.9996189024390244 0.06601344506967645
0.9996189024390244 0.06410853809552575
0.9996189024390244 0.06225841071934724
0.9996189024390244 0.06046153826048167
0.9994283536585366 0.05871639603826977
0.9994283536585366 0.057021423070131826
0.9994283536585366 0.05537520358116993
0.9994283536585366 0.053776394400327124
0.9994283536585366 0.05222357975270551
0.9994283536585366 0.050715416467248114
0.9992378048780488 0.04925070658057981
0.9992378048780488 0.04782810692164361
0.9992378048780488 0.04644638322514393
0.9992378048780488 0.045104519037307916
0.9992378048780488 0.043801207488999065
0.9992378048780488 0.042535432126444526
0.9992378048780488 0.04130603128818962
0.9992378048780488 0.040112024822381964
0.9992378048780488 0.03895239627524871
0.9992378048780488 0.03782609289109656
0.9992378048780488 0.03673224342383451
0.9992378048780488 0.0356698314196897
0.9992378048780488 0.03463798563257113
0.9992378048780488 0.03363587111830825
0.9992378048780488 0.03266254402696913
0.9992378048780488 0.031717242018224144
0.9992378048780488 0.030799130147902736
0.9992378048780488 0.029907446075675272
0.999047256097561 0.029041427461212126
0.9988567073170732 0.02820038456802457
0.9988567073170732 0.027383482451942064
0.9988567073170732 0.026590103980316807
0.9986661585365854 0.025819559416660084
0.9986661585365854 0.02507115902448318
0.9984756097560976 0.024344321973058747
0.9982850609756098 0.023638431129739
0.9982850609756098 0.022952796758035212
0.9980945121951219 0.022286910631060967
0.9979039634146342 0.021640191918088927
0.9979039634146342 0.02101205978839175
0.9979039634146342 0.020401969713162552
0.9977134146341463 0.019809522371276294
0.9977134146341463 0.019234064328164713
0.9975228658536586 0.018675196262702767
0.9973323170731707 0.018132409948004035
0.997141768292683 0.017605233459102546
0.9969512195121951 0.017093231172952805
0.9963795731707317 0.016596040070350218
0.9958079268292683 0.016113151924408365
0.9954268292682927 0.015644131112081745
0.995045731707317 0.015188614614165765
0.9946646341463414 0.014746166807614923
0.9942835365853658 0.01431649727706555
0.9940929878048781 0.013899170399472142
0.9939024390243902 0.013493823155630108
0.9933307926829268 0.013100201432096241
0.9933307926829268 0.012717797001984117
0.9927591463414634 0.01234653726145282
0.9923780487804879 0.011985913983615927
0.9918064024390244 0.011635709356950685
0.9910442073170732 0.011295596664172966
0.9910442073170732 0.010965176584157726
0.9906631097560976 0.010644303909223128
0.9900914634146342 0.010332688224005501
0.9897103658536586 0.01003003911314118
0.9895198170731707 0.00973602985934603
0.9889481707317073 0.00945058785877914
0.9889481707317073 0.009173241186474543
0.9887576219512195 0.008903844634750406
0.9881859756097561 0.008642398203606726
0.9870426829268293 0.008388502571918461
0.9868521341463414 0.008141758418560562
0.9862804878048781 0.007902202045453489
0.9845655487804879 0.007669724546835867
0.984375 0.007443708790059895
0.9839939024390244 0.007224191077046034
0.9832317073170732 0.007011062502032908
0.9824695121951219 0.006804105253497762
0.9820884146341463 0.006602992614156472
0.9817073170731707 0.006407651980168115
0.9813262195121951 0.006218010747691779
0.9807545731707317 0.006033778501363791
0.9799923780487805 0.00585499154310461
0.979420731707317 0.005681250551789191
0.9792301829268293 0.005512446621656158
0.9786585365853658 0.00534857975270551
0.9784679878048781 0.005189323227653119
0.9780868902439024 0.005034713348419443
0.977515243902439 0.004884604907322649
0.9763719512195121 0.004738925300521818
0.9761814024390244 0.004597238904971447
0.9759908536585366 0.004459654626432909
0.9746570121951219 0.004326245068747125
0.9746570121951219 0.0041963930992662945
0.9738948170731707 0.004070461737195006
0.9729420731707317 0.0039481968690900475
0.9723704268292683 0.0038293443815082084
0.9712271341463414 0.0037140494821313237
0.9708460365853658 0.003601949151754806
0.96875 0.0034933701076627836
0.9668445121951219 0.003387913028730211
0.9643673780487805 0.0032855779149570884
0.9626524390243902 0.003186110652900204
0.9613185975609756 0.0030894023367981824
0.9582698170731707 0.00299581598585561
0.955983231707317 0.002904807071265607
0.9546493902439024 0.0028162303853463376
0.9517911585365854 0.0027304852492228485
0.9487423780487805 0.0026472812475314693
0.9464557926829268 0.0025663642668289897
0.9430259146341463 0.0024879884205586196
0.9401676829268293 0.0024117543875953142
0.9363567073170732 0.002337952583302743
0.9334984756097561 0.0022660747807944836
0.9304496951219512 0.0021963387915932883
0.9266387195121951 0.0021287809176196164
0.9232088414634146 0.0020630744415893387
0.9201600609756098 0.0019992556654229144
0.9173018292682927 0.0019372156833589672
0.9119664634146342 0.0018774627222839194
0.907202743902439 0.0018193433476295137
0.9037728658536586 0.0017626760497934566
0.8995807926829268 0.0017077875460598767
0.8946265243902439 0.001654677836428774
0.8902439024390244 0.001602983901695561
0.8843368902439024 0.001553105062985284
0.8790015243902439 0.0015046056972524383
0.8730945121951219 0.0014575947102584
0.8671875 0.0014119994981622516
0.8635670731707317 0.001367311834077571
0.8576600609756098 0.001324366662174909
0.8532774390243902 0.0012823653402041736
0.8492759146341463 0.0012415619816085759
0.8441310975609756 0.001202174397910868
0.8380335365853658 0.001164093683349674
0.8313643292682927 0.0011272835360045352
0.8243140243902439 0.001091635050114075
0.8180259146341463 0.001056894112235083
0.8138338414634146 0.001022806608924348
0.8083079268292683 0.0009899533709092092
0.8024009146341463 0.000958189190507832
0.7953506097560976 0.0009275503696406749
0.7890625 0.0008977101910236096
0.7829649390243902 0.0008687049565770949
0.7768673780487805 0.0008405709682215893
0.7686737804878049 0.0008137075470821388
0.7618140243902439 0.0007873523528291103
0.7560975609756098 0.0007616142912238801
0.75 0.0007367111737892003
0.7446646341463414 0.0007124251890023187
0.7383765243902439 0.000689046752226905
0.7318978658536586 0.0006663943538606657
0.7244664634146342 0.0006446495035058943
0.7160823170731707 0.0006237032954012146
0.7076981707317073 0.0006034468237852506
0.7012195121951219 0.0005834444656124976
0.694359756097561 0.0005640955420080015
0.6878810975609756 0.0005452911472103862
0.680640243902439 0.0005272127908219451
0.6735899390243902 0.0005096426613199262
0.6665396341463414 0.0004926533625452467
0.6594893292682927 0.0004761722906569893
0.6518673780487805 0.00046027204949607126
0.6444359756097561 0.0004448800352215753
0.6345274390243902 0.000430431870879006
0.6269054878048781 0.0004160200084568954
0.6196646341463414 0.0004020074671598307
0.6112804878048781 0.0003886483604310229
0.6027057926829268 0.00037572487674771964
0.5924161585365854 0.0003635274314735908
0.5817454268292683 0.00035191081692680136
0.5746951219512195 0.00033993118317542483
0.5636432926829268 0.0003291132108787272
0.5560213414634146 0.00031800482321835984
0.5482088414634146 0.00030729575668303835
0.5411585365853658 0.00029676819975001047
0.5323932926829268 0.0002868940773852395
0.5238185975609756 0.0002773829742250556
0.5148628048780488 0.000268234890269459
0.5055259146341463 0.00025948612743890824
0.49847560975609756 0.0002505921569265226
0.4876143292682927 0.00024271464018698103
0.47884908536585363 0.00023472821768606331
0.4714176829268293 0.0002267780971056043
0.4634146341463415 0.0002191909957297325
0.4561737804878049 0.0002117128001152368
0.4479801829268293 0.00020467022754624574
0.43864329268292684 0.000198099579943218
0.43102134146341464 0.0001914563284992728
0.4220655487804878 0.00018528500202129094
0.41215701219512196 0.00017951299666835494
0.4028201219512195 0.00017388619899725384
0.3957698170731707 0.0001680052878829417
0.38871951219512196 0.00016234218829138186
0.38071646341463417 0.00015707840982486792
0.37385670731707316 0.00015177832943789527
0.3666158536585366 0.00014673236249413362
0.3595655487804878 0.00014183160323220684
0.35270579268292684 0.00013711235357257364
0.3462271341463415 0.00013246570775385787
0.3397484756097561 0.000127964269616977
0.3325076219512195 0.00012382585068468327
0.3285060975609756 0.0001191792048659675
0.32240853658536583 0.00011511338977459122
0.3170731707317073 0.00011104757468321492
0.3096417682926829 0.00010752628839871939
0.30354420731707316 0.0001038960963528477
0.2964939024390244 0.00010059262159110446
0.29039634146341464 9.72165429884438e-05
0.2842987804878049 9.40219739880767e-05
0.27934451219512196 9.068219730587476e-05
0.2730564024390244 8.774174174871869e-05
0.2661966463414634 8.501909771431492e-05
0.2602896341463415 8.226015175945245e-05
0.2553353658536585 7.93923000432138e-05
0.2498094512195122 7.674225984972747e-05
0.24523628048780488 7.405591773578242e-05
0.24009146341463414 7.155108522413095e-05
0.234375 6.926406423523179e-05
0.22884908536585366 6.704964708725006e-05
0.22313262195121952 6.49441357006445e-05
0.21875 6.269341663220404e-05
0.21360518292682926 6.0660509086515895e-05
0.20865091463414634 5.8700205381745184e-05
0.20407774390243902 5.673990167697448e-05
0.1993140243902439 5.4888503733579914e-05
0.19435975609756098 5.314601155156151e-05
0.18978658536585366 5.1439821290001813e-05
0.18521341463414634 4.9769932948900836e-05
0.18254573170731708 4.784593116458884e-05
0.1793064024390244 4.606713706211171e-05
0.17511432926829268 4.457875832330432e-05
0.1720655487804878 4.2908869982203346e-05
0.16920731707317074 4.127528356156109e-05
0.16596798780487804 3.97869048227537e-05
0.16158536585365854 3.855263952715732e-05
0.15777439024390244 3.728207231110223e-05
0.15358231707317074 3.615671277688201e-05
0.15110518292682926 3.474093787899205e-05
0.1480564024390244 3.347037066293696e-05
0.14519817073170732 3.2236105367340586e-05
0.14195884146341464 3.114704775357908e-05
0.13910060975609756 3.0021688219358855e-05
0.13586128048780488 2.9005234446514785e-05
0.13338414634146342 2.7879874912294562e-05
0.12976371951219512 2.7044930741744073e-05
0.12652439024390244 2.6173684650734867e-05
0.12423780487804878 2.5157230877890794e-05
0.12176067073170732 2.4213380945964156e-05
0.11756859756097561 2.36688521390834e-05
0.11509146341463415 2.27976060480742e-05
0.11242378048780488 2.203526571844114e-05
0.10994664634146341 2.123662346834937e-05
0.10746951219512195 2.0510585059175035e-05
0.10442073170731707 1.989345241137685e-05
0.1013719512195122 1.9348923604496095e-05
0.09813262195121951 1.8840696718074058e-05
0.09508384146341463 1.833246983165202e-05
0.09298780487804878 1.7679035263395117e-05
0.09108231707317073 1.7025600695138214e-05
0.08898628048780488 1.6444769967798745e-05
0.08746189024390244 1.579133539954184e-05
0.0859375 1.5137900831284937e-05
0.08441310975609756 1.452076818348675e-05
0.08174542682926829 1.4157748978899582e-05
0.08003048780487805 1.3613220172018829e-05
0.07926829268292683 1.2923483683303208e-05
0.07717225609756098 1.2524162558257322e-05
0.07469512195121951 1.219744527412887e-05
0.07259908536585366 1.18344260695417e-05
0.07088414634146341 1.1435104944495815e-05
0.06897865853658537 1.1072085739908647e-05
0.06745426829268293 1.0672764614862762e-05
0.0663109756097561 1.0200839648899443e-05
0.06478658536585366 9.837820444312273e-06
0.06288109756097561 9.547405080642539e-06
0.061547256097560975 9.18438587605537e-06
0.05983231707317073 8.930272432844351e-06
0.058879573170731704 8.530951307798466e-06
0.057545731707317076 8.204234023670014e-06
0.05544969512195122 8.059026341835147e-06
0.054115853658536585 7.76861097816541e-06
0.052591463414634144 7.55079945541311e-06
0.0508765243902439 7.369289853119526e-06
0.048971036585365856 7.224082171284658e-06
0.047446646341463415 7.042572568991074e-06
0.046684451219512195 6.715855284862622e-06
0.045541158536585365 6.4980437621103205e-06
0.043635670731707314 6.425439921192887e-06
0.04249237804878049 6.2076283984405854e-06
0.041158536585365856 6.062420716605718e-06
0.04020579268292683 5.844609193853417e-06
0.03944359756097561 5.590495750642398e-06
0.03830030487804878 5.4089861483488145e-06
0.03715701219512195 5.263778466513947e-06
0.036585365853658534 5.045966943761646e-06
0.036204268292682924 4.755551580091911e-06
0.03601371951219512 4.4651362164221755e-06
0.034870426829268296 4.356230455046025e-06
0.034108231707317076 4.17472085275244e-06
0.03315548780487805 4.029513170917573e-06
0.032202743902439025 3.920607409541423e-06
0.03086890243902439 3.884305489082705e-06
0.029916158536585365 3.775399727706555e-06
0.028963414634146343 3.7027958867891214e-06
0.028010670731707318 3.6301920458716874e-06
0.027057926829268292 3.521286284495537e-06
0.026486280487804877 3.4123805231193862e-06
0.025724085365853657 3.3034747617432355e-06
0.02496189024390244 3.194569000367085e-06
0.024390243902439025 3.0856632389909343e-06
0.024009146341463415 2.9404555571560668e-06
0.023628048780487805 2.795247875321199e-06
0.02267530487804878 2.7589459548624824e-06
0.021722560975609755 2.7226440344037656e-06
0.021150914634146343 2.650040193486332e-06
0.020388719512195123 2.613738273027615e-06
0.019626524390243903 2.5411344321101813e-06
0.019245426829268292 2.4322286707340305e-06
0.018673780487804877 2.3959267502753137e-06
0.017911585365853657 2.359624829816597e-06
0.017339939024390245 2.287020988899163e-06
0.01714939024390244 2.1781152275230126e-06
0.016958841463414635 2.032907545688145e-06
0.01676829268292683 1.9240017843119942e-06
0.01638719512195122 1.8513979433945607e-06
0.016196646341463415 1.7424921820184101e-06
0.015815548780487805 1.6698883411009763e-06
0.015625 1.5609825797248256e-06
0.015053353658536585 1.5609825797248256e-06
0.01486280487804878 1.452076818348675e-06
0.014291158536585366 1.452076818348675e-06
0.014291158536585366 1.3431710569725244e-06
0.014100609756097561 1.2342652955963739e-06
0.013719512195121951 1.1979633751376569e-06
0.013338414634146341 1.16166145467894e-06
0.012766768292682926 1.16166145467894e-06
0.012766768292682926 1.0527556933027893e-06
0.012195121951219513 1.0527556933027893e-06
0.012004573170731708 1.0164537728440725e-06
0.011432926829268292 1.0164537728440725e-06
0.011051829268292682 1.0164537728440725e-06
0.010480182926829269 1.0164537728440725e-06
0.010289634146341464 9.801518523853557e-07
0.009908536585365854 9.438499319266387e-07
0.009717987804878049 9.075480114679218e-07
0.009527439024390244 8.712460910092051e-07
0.009336890243902439 8.349441705504882e-07
0.009146341463414634 7.986422500917713e-07
0.008955792682926829 7.623403296330544e-07
0.008955792682926829 6.897364887156206e-07
0.008765243902439025 6.534345682569037e-07
0.008765243902439025 5.8083072733947e-07
0.008384146341463415 5.8083072733947e-07
0.00819359756097561 5.445288068807531e-07
0.00819359756097561 5.082268864220363e-07
0.0078125 5.082268864220363e-07
0.00743140243902439 5.082268864220363e-07
0.007240853658536586 5.082268864220363e-07
0.007050304878048781 4.7192496596331937e-07
0.006859756097560976 4.7192496596331937e-07
0.006669207317073171 4.3562304550460253e-07
0.0064786585365853655 4.3562304550460253e-07
0.006288109756097561 4.3562304550460253e-07
0.006097560975609756 3.9932112504588564e-07
0.005907012195121951 3.9932112504588564e-07
0.005716463414634146 3.9932112504588564e-07
0.005525914634146341 3.9932112504588564e-07
0.005335365853658537 3.6301920458716875e-07
0.005144817073170732 3.6301920458716875e-07
0.004954268292682927 3.6301920458716875e-07
0.004763719512195122 3.6301920458716875e-07
0.004573170731707317 3.6301920458716875e-07
0.004573170731707317 3.2671728412845186e-07
0.004382621951219513 3.2671728412845186e-07
0.004192073170731708 3.2671728412845186e-07
0.004192073170731708 2.90415363669735e-07
0.004192073170731708 2.5411344321101813e-07
0.0040015243902439025 2.5411344321101813e-07
0.0038109756097560975 2.5411344321101813e-07
0.0038109756097560975 2.1781152275230126e-07
0.003620426829268293 2.1781152275230126e-07
0.003429878048780488 2.1781152275230126e-07
0.0032393292682926828 2.1781152275230126e-07
0.003048780487804878 2.1781152275230126e-07
0.002858231707317073 2.1781152275230126e-07
0.0026676829268292685 2.1781152275230126e-07
0.0024771341463414634 2.1781152275230126e-07
0.0022865853658536584 2.1781152275230126e-07
0.002096036585365854 2.1781152275230126e-07
0.002096036585365854 1.8150960229358437e-07
0.002096036585365854 1.452076818348675e-07
0.0019054878048780487 1.452076818348675e-07
0.001714939024390244 1.452076818348675e-07
0.001714939024390244 1.0890576137615063e-07
0.001714939024390244 7.260384091743375e-08
0.001524390243902439 7.260384091743375e-08
0.0013338414634146342 7.260384091743375e-08
0.0011432926829268292 7.260384091743375e-08
0.0009527439024390244 7.260384091743375e-08
0.0007621951219512195 7.260384091743375e-08
0.0007621951219512195 3.630192045871688e-08
0.0005716463414634146 3.630192045871688e-08
0.00038109756097560977 3.630192045871688e-08
0.00019054878048780488 3.630192045871688e-08
0.0 3.630192045871688e-08
0.0 0.0
