1.0 0.9999999636980795
1.0 0.9712207813102612
1.0 0.9432697183319471
1.0 0.9161228880994754
1.0 0.889757166289514
1.0 0.8641501183152192
1.0 0.8392798541185545
1.0 0.8151251733779721
1.0 0.7916655292064922
1.0 0.7688809192459423
1.0 0.7467519219688767
1.0 0.7252596240747367
1.0 0.7043857656975312
1.0 0.6841124862923949
1.0 0.66442257874903
1.0 0.6452991989763439
1.0 0.6267260474120506
1.0 0.6086874053245914
1.0 0.5911677354920101
1.0 0.5741521541269184
1.0 0.5576262130649741
1.0 0.5415757908591183
1.0 0.5259871653834179
1.0 0.5108470864369056
1.0 0.4961426305358977
1.0 0.4818613098197566
1.0 0.46799092684320825
1.0 0.45451961087826254
1.0 0.441435926819975
1.0 0.42872869367684435
1.0 0.4163871297784944
1.0 0.40440059866223066
1.0 0.39275904469608613
1.0 0.38145244855001414
1.0 0.3704711902150932
1.0 0.35980575858816316
1.0 0.3494474412083138
1.0 0.3393870536896691
1.0 0.3296161739866827
1.0 0.32012638005380817
1.0 0.3109096854685445
1.0 0.3019582127141523
1.0 0.29326430208541465
1.0 0.28482051168863753
1.0 0.27661969004549064
1.0 0.2686547582814845
1.0 0.2609191457490161
1.0 0.25340610029088
1.0 0.24610912386331427
1.0 0.2390222266494431
1.0 0.23213912841702716
1.0 0.22545420236839536
1.0 0.2189615675924334
1.0 0.21265574249915198
1.0 0.2065313907062437
1.0 0.20058324843524203
1.0 0.19480623341728273
1.0 0.18919544489310391
1.0 0.183746091009205
1.0 0.17845359772360822
1.0 0.17331335469241527
1.0 0.16832100568517117
1.0 0.1634723033771822
1.0 0.1587630730475956
1.0 0.1541893577870814
1.0 0.1497472732901505
1.0 0.14543308045899567
1.0 0.14124296759196875
1.0 0.1371734134027852
1.0 0.13322089660516057
1.0 0.129382186328174
1.0 0.12565390649322286
1.0 0.12203286253130678
1.0 0.11851607768494812
1.0 0.11510046629090791
1.0 0.11178308789362898
1.0 0.10856121984907695
1.0 0.10543199430553554
1.0 0.10239287012857269
1.0 0.09944116097607442
1.0 0.09657436201552909
1.0 0.09379011362210689
1.0 0.0910859472652166
1.0 0.08845957592386935
1.0 0.08590878518091716
1.0 0.08343139692113248
1.0 0.08102526933120827
1.0 0.07868840580551928
1.0 0.07641877343651984
1.0 0.07421444822242564
1.0 0.07207346985953189
1.0 0.0699941684594975
1.0 0.06797476522822
1.0 0.06601337246583554
1.0 0.06410846549168482
1.0 0.06225833811550632
1.0 0.060461465656640755
1.0 0.0587162871325084
1.0 0.05702131416437045
1.0 0.05537502207156764
1.0 0.05377628549456575
1.0 0.052223470846944134
1.0 0.050715271259566284
1.0 0.049250561372897975
1.0 0.04782792541204132
1.0 0.04644627431938255
1.0 0.045104373829626086
1.0 0.04380106228131723
1.0 0.04253528691876269
1.0 0.04130588608050779
1.0 0.04011187961470013
1.0 0.038952251067566876
1.0 0.037825947683414726
1.0 0.03673209821615267
1.0 0.03566968621200786
1.0 0.034637840424889293
1.0 0.03363572591062641
1.0 0.0326623988192873
1.0 0.03171706050862185
1.0 0.030798948638300443
1.0 0.02990726456607298
1.0 0.02904124595160983
1.0 0.028200166756501818
1.0 0.027383264640419312
1.0 0.026589886168794055
1.0 0.025819305303216872
1.0 0.025070904911039967
1.0 0.024344031557695076
1.0 0.02363810441245487
1.0 0.022952470040751082
1.0 0.022286547611856382
1.0 0.021639756295043423
1.0 0.021011660467266702
1.0 0.020401606693957967
1.0 0.01980901414438987
1.0 0.01923362870511921
1.0 0.018674688035816345
1.0 0.018131901721117612
1.0 0.017604688930295667
1.0 0.017092650342225464
1.0 0.016595350333861503
1.0 0.016112353282158275
1.0 0.015643259865990734
1.0 0.015187670764233838
1.0 0.014745186655762538
1.0 0.014315408219451788
1.0 0.01389804503993792
1.0 0.01349266149417543
1.0 0.013098930864880187
1.0 0.012716562736688522
1.0 0.01234515778847539
1.0 0.011984461906797578
1.0 0.01163414837437096
1.0 0.011293890473911408
1.0 0.010963470393896167
1.0 0.010642488813200192
1.0 0.010330800524141648
1.0 0.010028078809436408
1.0 0.009734033253720801
1.0 0.009448482347392534
1.0 0.009171135675087937
1.0 0.0089017391233638
1.0 0.008640147484538285
1.0 0.008386034041327269
1.0 0.00813925358604891
1.0 0.007899588307180462
1.0 0.0076667840912787106
1.0 0.007440732032582281
1.0 0.007221141715727502
1.0 0.00700786793303254
1.0 0.00680076547681556
1.0 0.006599580233633352
1.0 0.0064042032977245375
1.0 0.006214453159486825
1.0 0.006030148309317918
1.0 0.005851179841456445
1.0 0.005677329944379649
1.0 0.005508489712326157
1.0 0.005344513937614133
1.0 0.005185221110641284
1.0 0.005030538627566691
1.0 0.004880321280708521
1.0 0.0047344238623849375
1.0 0.004592701164914107
1.0 0.004455080584455111
1.0 0.004321416913326116
1.0 0.004191564943845285
1.0 0.004065488374092162
1.0 0.00394304199638491
1.0 0.0038240806030416944
1.0 0.003708567892142057
1.0 0.003596394957924622
1.0 0.003487416592707554
1.0 0.0033815964945703944
1.0 0.0032787894558313083
1.0 0.0031789954764902956
1.0 0.0030820330469450625
1.0 0.002987865865275151
1.0 0.0028964213276396434
1.0 0.0028075905282771633
1.0 0.002721300863346793
1.0 0.0026375160309280747
1.0 0.00255616342718009
1.0 0.0024771341463414634
1.0 0.002400355584571277
1.0 0.0023258277418695314
1.0 0.0022534054105543913
1.0 0.0021830885906258565
1.0 0.0021148046782430104
1.0 0.0020484447676444757
1.0 0.001984045160750712
1.0 0.0019214606498798841
1.0 0.0018606912350319922
1.0 0.0018016643123661186
1.0 0.0017443435799618045
1.0 0.001688656433978133
1.0 0.0016346028744151034
1.0 0.00158207399551134
1.0 0.001531069797266843
1.0 0.0014815539777611531
1.0 0.0014334176312328945
1.0 0.001386697059602526
1.0 0.0013413196590291298
1.0 0.0012972491275922476
1.0 0.0012544128614509617
1.0 0.001212847162525731
1.0 0.0011724794269756377
1.0 0.0011332370509597647
1.0 0.0010951563363985708
1.0 0.0010581646794511383
1.0 0.0010222257781970084
1.0 0.0009873396326361816
1.0 0.00095343363892774
1.0 0.0009205440989921425
0.9998094512195121 0.0008885984089884717
0.9998094512195121 0.0008575602669962688
0.9998094512195121 0.000827393371095075
0.9998094512195121 0.0007980977212848905
0.9996189024390244 0.0007697096194861739
0.9996189024390244 0.0007420475560966317
0.9996189024390244 0.0007152204368776399
0.9996189024390244 0.0006891556579882812
0.9996189024390244 0.0006638532194285555
0.9996189024390244 0.0006392768192780042
0.9996189024390244 0.0006153901556161684
0.9996189024390244 0.0005922295303635071
0.9996189024390244 0.0005696860377586439
0.9996189024390244 0.0005478322816424964
0.9996189024390244 0.000526595658174147
0.9996189024390244 0.0005059398654331371
0.9996189024390244 0.00048590120533992536
0.9996189024390244 0.00046644337597405314
0.9996189024390244 0.00044753007541506164
0.9996189024390244 0.0004291976055834096
0.9996189024390244 0.0004113733626381796
0.9996189024390244 0.00039402104465891295
0.9996189024390244 0.00037721325548652706
0.9996189024390244 0.00036087739128010446
0.9996189024390244 0.00034501345203964516
0.9996189024390244 0.0003296214377651492
0.9996189024390244 0.0003146650465361579
0.9996189024390244 0.0003001079764322124
0.9996189024390244 0.00028598652937377155
0.9996189024390244 0.0002723007053608353
0.9996189024390244 0.0002589779005524862
0.9996189024390244 0.000246054416869183
0.9996189024390244 0.00023349395239046693
0.9996189024390244 0.00022129650711633807
0.9996189024390244 0.00020942577912633765
0.9996189024390244 0.0001979180703409244
0.9996189024390244 0.0001867370788396396
0.9996189024390244 0.00017588280462248326
0.9996189024390244 0.00016535524768945538
0.9996189024390244 0.0001551181061200972
0.9996189024390244 0.00014517137991440878
0.9996189024390244 0.0001355150690723901
0.9996189024390244 0.00012614917359404115
0.9996189024390244 0.0001170373915589032
0.9996189024390244 0.00010817972296697629
0.9996189024390244 9.957616781826038e-05
0.9996189024390244 9.12267261127555e-05
0.9996189024390244 8.313139785046164e-05
0.9996189024390244 7.525388111092009e-05
0.9996189024390244 6.759417589413082e-05
0.9994283536585366 6.02248860410113e-05
0.9994283536585366 5.300080386972664e-05
0.9994283536585366 4.5994533221194284e-05
0.9994283536585366 3.920607409541422e-05
0.9994283536585366 3.2599124571927756e-05
0.9994283536585366 2.6173684650734867e-05
0.9994283536585366 1.9929754331835563e-05
0.9994283536585366 1.3903635535688563e-05
0.9994283536585366 8.022724421376429e-06
0.9994283536585366 2.287020988899163e-06
0.9824695121951219 0.0
0.954077743902439 0.0
0.9266387195121951 0.0
0.8999618902439024 0.0
0.874047256097561 0.0
0.8488948170731707 0.0
0.8245045731707317 0.0
0.8006859756097561 0.0
0.7778201219512195 0.0
0.7553353658536586 0.0
0.7336128048780488 0.0
0.7124618902439024 0.0
0.6920731707317073 0.0
0.6720655487804879 0.0
0.6526295731707317 0.0
0.6339557926829268 0.0
0.6156631097560976 0.0
0.5979420731707317 0.0
0.5807926829268293 0.0
0.5640243902439024 0.0
0.547827743902439 0.0
0.5320121951219512 0.0
0.5167682926829268 0.0
0.5019054878048781 0.0
0.4874237804878049 0.0
0.4733231707317073 0.0
0.45979420731707316 0.0
0.44645579268292684 0.0
0.4336890243902439 0.0
0.4211128048780488 0.0
0.4091082317073171 0.0
0.39729420731707316 0.0
0.3858612804878049 0.0
0.3748094512195122 0.0
0.3639481707317073 0.0
0.35346798780487804 0.0
0.3433689024390244 0.0
0.3334603658536585 0.0
0.3237423780487805 0.0
0.31440548780487804 0.0
0.3052591463414634 0.0
0.2966844512195122 0.0
0.28810975609756095 0.0
0.27972560975609756 0.0
0.27172256097560976 0.0
0.26391006097560976 0.0
0.25628810975609756 0.0
0.24885670731707318 0.0
0.2418064024390244 0.0
0.2347560975609756 0.0
0.22808689024390244 0.0
0.22141768292682926 0.0
0.2151295731707317 0.0
0.20884146341463414 0.0
0.2029344512195122 0.0
0.19702743902439024 0.0
0.1913109756097561 0.0
0.18578506097560976 0.0
0.18044969512195122 0.0
0.17530487804878048 0.0
0.17035060975609756 0.0
0.16539634146341464 0.0
0.16063262195121952 0.0
0.1560594512195122 0.0
0.15148628048780488 0.0
0.14710365853658536 0.0
0.14291158536585366 0.0
0.13871951219512196 0.0
0.13471798780487804 0.0
0.13090701219512196 0.0
0.12709603658536586 0.0
0.12347560975609756 0.0
0.11985518292682927 0.0
0.11642530487804878 0.0
0.11299542682926829 0.0
0.10975609756097561 0.0
0.10670731707317073 0.0
0.10365853658536585 0.0
0.10060975609756098 0.0
0.0977515243902439 0.0
0.09489329268292683 0.0
0.09222560975609756 0.0
0.08955792682926829 0.0
0.08689024390243902 0.0
0.08441310975609756 0.0
0.0819359756097561 0.0
0.07964939024390244 0.0
0.07736280487804878 0.0
0.07507621951219512 0.0
0.07298018292682927 0.0
0.07088414634146341 0.0
0.06878810975609756 0.0
0.06669207317073171 0.0
0.06478658536585366 0.0
0.06307164634146341 0.0
0.061166158536585365 0.0
0.05945121951219512 0.0
0.05773628048780488 0.0
0.056021341463414635 0.0
0.05430640243902439 0.0
0.05278201219512195 0.0
0.05125762195121951 0.0
0.049733231707317076 0.0
0.04839939024390244 0.0
0.047065548780487805 0.0
0.045541158536585365 0.0
0.044397865853658534 0.0
0.0430640243902439 0.0
0.04173018292682927 0.0
0.04058689024390244 0.0
0.03944359756097561 0.0
0.03830030487804878 0.0
0.03715701219512195 0.0
0.03601371951219512 0.0
0.0350609756097561 0.0
0.034108231707317076 0.0
0.032964939024390245 0.0
0.03201219512195122 0.0
0.03125 0.0
0.030297256097560975 0.0
0.02934451219512195 0.0
0.028582317073170733 0.0
0.027629573170731708 0.0
0.026867378048780487 0.0
0.026105182926829267 0.0
0.02534298780487805 0.0
0.02458079268292683 0.0
0.02381859756097561 0.0
0.023246951219512195 0.0
0.022484756097560975 0.0
0.02191310975609756 0.0
0.021341463414634148 0.0
0.020579268292682928 0.0
0.020007621951219513 0.0
0.019435975609756097 0.0
0.018864329268292682 0.0
0.018292682926829267 0.0
0.017721036585365852 0.0
0.017339939024390245 0.0
0.01676829268292683 0.0
0.01638719512195122 0.0
0.015815548780487805 0.0
0.015434451219512195 0.0
0.01486280487804878 0.0
0.014481707317073171 0.0
0.014100609756097561 0.0
0.013719512195121951 0.0
0.013338414634146341 0.0
0.012957317073170731 0.0
0.012576219512195123 0.0
0.012195121951219513 0.0
0.011814024390243903 0.0
0.011432926829268292 0.0
0.011051829268292682 0.0
0.010861280487804877 0.0
0.010480182926829269 0.0
0.010099085365853659 0.0
0.009908536585365854 0.0
0.009527439024390244 0.0
0.009336890243902439 0.0
0.008955792682926829 0.0
0.008765243902439025 0.0
0.00857469512195122 0.0
0.00819359756097561 0.0
0.008003048780487805 0.0
0.0078125 0.0
0.007621951219512195 0.0
0.007240853658536586 0.0
0.007050304878048781 0.0
0.006859756097560976 0.0
0.006669207317073171 0.0
0.0064786585365853655 0.0
0.006288109756097561 0.0
0.006097560975609756 0.0
0.005907012195121951 0.0
0.005716463414634146 0.0
0.005525914634146341 0.0
0.005335365853658537 0.0
0.005144817073170732 0.0
0.004954268292682927 0.0
0.004763719512195122 0.0
0.004573170731707317 0.0
0.004382621951219513 0.0
0.004192073170731708 0.0
0.0040015243902439025 0.0
0.0038109756097560975 0.0
0.003620426829268293 0.0
0.003429878048780488 0.0
0.0032393292682926828 0.0
0.003048780487804878 0.0
0.002858231707317073 0.0
0.0026676829268292685 0.0
0.0024771341463414634 0.0
0.0022865853658536584 0.0
0.002096036585365854 0.0
0.0019054878048780487 0.0
0.001714939024390244 0.0
0.001524390243902439 0.0
0.0013338414634146342 0.0
0.0011432926829268292 0.0
0.0009527439024390244 0.0
0.0007621951219512195 0.0
0.0005716463414634146 0.0
0.00038109756097560977 0.0
0.00019054878048780488 0.0
0.0 0.0
