1.0 0.7027378037163873
1.0 0.7027378037163873
1.0 0.7027378037163873
1.0 0.7027378037163873
1.0 0.7027378037163873
1.0 0.7027378037163873
1.0 0.7027378037163873
1.0 0.7027378037163873
1.0 0.7027378037163873
1.0 0.7027378037163873
1.0 0.7027378037163873
1.0 0.7027378037163873
1.0 0.7027378037163873
1.0 0.6841124862923949
1.0 0.664422506145189
1.0 0.6452991626744234
1.0 0.6267260474120506
1.0 0.6086873327207505
1.0 0.5911676991900896
1.0 0.5741520452211571
1.0 0.5576262130649741
1.0 0.5415757908591183
1.0 0.5259870927795771
0.9998094512195121 0.5108470864369056
0.9998094512195121 0.4961426668378181
0.9998094512195121 0.4818613461216771
0.9998094512195121 0.46799096314512867
0.9998094512195121 0.454519647180183
0.9998094512195121 0.4414359631218955
0.9998094512195121 0.4287287299787648
0.9998094512195121 0.41638716608041487
0.9998094512195121 0.4044006712660716
0.9998094512195121 0.3927590809980066
0.9998094512195121 0.3814524848519346
0.9998094512195121 0.3704712265170137
0.9998094512195121 0.359805903795845
0.9998094512195121 0.3494474412083138
0.9998094512195121 0.33938712629351003
0.9998094512195121 0.32961621028860316
0.9998094512195121 0.32012641635572864
0.9998094512195121 0.31090975807238547
0.9998094512195121 0.30195824901607277
0.9998094512195121 0.2932643383873351
0.9998094512195121 0.284820547990558
0.9998094512195121 0.2766197263474111
0.9998094512195121 0.2686548671872459
0.9998094512195121 0.260919218352857
0.9998094512195121 0.2534061365928005
0.9998094512195121 0.24610919646715518
0.9998094512195121 0.23902226295136356
0.9998094512195121 0.23213923732278854
0.9998094512195121 0.22545423867031583
0.9998094512195121 0.21896160389435387
0.9998094512195121 0.21265581510299292
0.9998094512195121 0.20653142700816415
0.9998094512195121 0.20058328473716247
0.9998094512195121 0.1948062697192032
0.9998094512195121 0.18919551749694483
0.9998094512195121 0.1837461636130459
0.9998094512195121 0.17845359772360822
0.9998094512195121 0.17331339099433574
0.9998094512195121 0.1683210419870916
0.9998094512195121 0.16347233967910263
0.9998094512195121 0.1587631456514365
0.9998094512195121 0.15418946669284278
0.9998094512195121 0.14974738219591188
0.9998094512195121 0.14543311676091614
0.9998094512195121 0.1412430038938892
0.9998094512195121 0.13717344970470566
0.9998094512195121 0.13322093290708104
0.9998094512195121 0.12938222263009447
0.9998094512195121 0.12565394279514333
0.9998094512195121 0.1220329351351477
0.9996189024390244 0.11851615028878904
0.9994283536585366 0.11510057519666929
0.9994283536585366 0.11178319679939036
0.9994283536585366 0.10856129245291786
0.9992378048780488 0.10543217581513785
0.9992378048780488 0.10239301533625453
0.9988567073170732 0.09944137878759718
0.9984756097560976 0.09657468873281322
0.9977134146341463 0.09379047664131147
0.9967606707317073 0.09108652809594395
0.9959984756097561 0.08846033826419898
0.995045731707317 0.08590972903084908
0.9942835365853658 0.08343248597874624
0.9939024390243902 0.08102643099266295
0.993140243902439 0.0786897126746558
0.9908536585365854 0.07642051592870186
0.9885670731707317 0.07421662633765316
0.9860899390243902 0.0720761925035663
0.9838033536585366 0.06999732672657742
0.9807545731707317 0.06797843172218634
0.977515243902439 0.06601765609244967
0.9729420731707317 0.06411362036438996
0.9702743902439024 0.06226400121509788
0.9655106707317073 0.06046803630424378
0.9616996951219512 0.0587235838185206
0.9563643292682927 0.0570296273041555
0.9510289634146342 0.05538442426896645
0.9439786585365854 0.05378695825918061
0.9361661585365854 0.05223563199029781
0.9277820121951219 0.05072906598934059
0.9173018292682927 0.049266316406377055
0.9094893292682927 0.047845205126179666
0.9016768292682927 0.046465006110339255
0.8932926829268293 0.04512470290508296
0.8849085365853658 0.0438229886412743
0.8761432926829268 0.04255888316706086
0.866234756097561 0.0413313700286698
0.8563262195121951 0.040139251262726
0.8498475609756098 0.038980856980888344
0.8380335365853658 0.03785680431580463
0.8279344512195121 0.03676484254840643
0.8155487804878049 0.0357048264710119
0.8025914634146342 0.034675449214484524
0.7926829268292683 0.0336752224000855
0.7820121951219512 0.03270392821629207
0.7707698170731707 0.031760768020854147
0.7599085365853658 0.030844725359998885
0.7467606707317073 0.029955546120283075
0.7357088414634146 0.02909163301720653
0.7231326219512195 0.028252913446928336
0.7111280487804879 0.027438298351834728
0.6975990853658537 0.02664749731656204
0.6871189024390244 0.025878913056610085
0.6737804878048781 0.02513305379886529
0.6644435975609756 0.024407959239622877
0.6499618902439024 0.02370479104033753
0.6360518292682927 0.023021770406906776
0.6248094512195121 0.022358026093239596
0.6107088414634146 0.02171392111854058
0.5973704268292683 0.021088366425195973
0.5847942073170732 0.02048070857863751
0.5725990853658537 0.01989051195581969
0.5607850609756098 0.01931730463177655
0.5482088414634146 0.018760796191144423
0.5339176829268293 0.018220696218559634
0.5245807926829268 0.017695262221840164
0.5121951219512195 0.01718558325859978
0.5019054878048781 0.01669024355394059
0.4891387195121951 0.016209678730908093
0.4771341463414634 0.015742872335729453
0.4685594512195122 0.0152889168203932
0.4575076219512195 0.014848538223308505
0.4491234756097561 0.01442035707149794
0.4367378048780488 0.014005353516813888
0.42797256097560976 0.013601639859392497
0.4180640243902439 0.013209796929961107
0.4108231707317073 0.012828808274746873
0.40034298780487804 0.012459399932158971
0.39195884146341464 0.012100301334981344
0.38052591463414637 0.01175216591778225
0.3717606707317073 0.011413577905663797
0.3637576219512195 0.011084682506307822
0.3553734756097561 0.010765334512032489
0.3477515243902439 0.010455061997871835
0.3389862804878049 0.010154010171507697
0.3309832317073171 0.009861489296451356
0.3246951219512195 0.009577136353498227
0.3159298780487805 0.009301459569534732
0.30659298780487804 0.00903384181191307
0.2993521341463415 0.008773629646064988
0.2917301829268293 0.008520968279672319
0.2839176829268293 0.008275676203132768
0.2770579268292683 0.008037317793400833
0.2703887195121951 0.007805784144715137
0.2627667682926829 0.007581184162837056
0.2545731707317073 0.007363154828562002
0.24809451219512196 0.007151115311162637
0.24142530487804878 0.006945283422161713
0.23570884146341464 0.0067451872365932655
0.2305640243902439 0.006550790452536836
0.22580030487804878 0.006361947862310591
0.21951219512195122 0.006178840975516823
0.21436737804878048 0.006000852659507734
0.20903201219512196 0.005828019216203783
0.2027439024390244 0.00566034064560497
0.19702743902439024 0.005497490230427166
0.1915015243902439 0.005339250159147619
0.18559451219512196 0.005185693035607247
0.18102134146341464 0.005036346934840085
0.17663871951219512 0.004891284460687053
0.171875 0.0047504693112276905
0.1680640243902439 0.004613574769177869
0.1642530487804878 0.004480637136458048
0.15891768292682926 0.004351765318829603
0.15396341463414634 0.004226668900928865
0.14958079268292682 0.004105057467392163
0.14615091463414634 0.003986713206696746
0.14253048780487804 0.0038718902322858245
0.13871951219512196 0.0037604796383980225
0.13395579268292682 0.0036523725192719636
0.12995426829268292 0.0035473510633848957
0.12671493902439024 0.003445161157293608
0.12366615853658537 0.0033459480086799344
0.12004573170731707 0.003249675315623417
0.1171875 0.0031560163608399276
0.11604420731707317 0.0030648259366476307
0.11413871951219512 0.002976358156489738
0.10994664634146341 0.0028908671338094597
0.10594512195121951 0.0028078083397999154
0.10232469512195122 0.0027271454725406466
0.10041920731707317 0.0026485155128270657
0.0975609756097561 0.0025722814798637603
0.09489329268292683 0.002498261864048437
0.09203506097560976 0.002426384061540177
0.0897484756097561 0.0023565028646571474
0.08822408536585366 0.0022885093676379706
0.08536585365853659 0.002222693985846317
0.08231707317073171 0.0021588752096798926
0.08003048780487805 0.002096726321854569
0.0779344512195122 0.002036356228131723
0.07545731707317073 0.001977801230431813
0.07355182926829268 0.001920843517232086
0.07069359756097561 0.0018657009000552951
0.06764481707317073 0.001812228171219605
0.06554878048780488 0.0017600986134408878
0.06307164634146341 0.0017095663401623538
0.06021341463414634 0.0016605950494635448
0.057545731707317076 0.001612966929821708
0.055259146341463415 0.0015666819812368443
0.05278201219512195 0.0015217765056294115
0.05125762195121951 0.0014779963895561988
0.04954268292682927 0.0014354868406990413
0.04839939024390244 0.0013941389532965628
0.047065548780487805 0.0013540253311896807
0.045541158536585365 0.0013150733705374776
0.044016768292682924 0.0012772830713399532
0.0430640243902439 0.0012404729239948143
0.042301829268292686 0.0012046792304225196
0.04173018292682927 0.0011699019906230687
0.040015243902439025 0.0011363227141987556
0.03791920731707317 0.001103832495388204
0.036204268292682924 0.0010721772207482028
0.0352515243902439 0.0010413205883582936
0.034108231707317076 0.001011371503979852
0.03353658536585366 0.0009821847599310438
0.032202743902439025 0.0009540144696550795
0.031440548780487805 0.0009264976139473721
0.02972560975609756 0.0008999972120125088
0.029153963414634148 0.0008740413388845262
0.028963414634146343 0.0008487752022452592
0.027820121951219513 0.0008244166136174602
0.027248475609756097 0.0008006388557170007
0.026295731707317072 0.0007776234381461741
0.025724085365853657 0.0007552251532231459
0.02496189024390244 0.0007335166047888332
0.024771341463414635 0.0007123162832409425
0.024009146341463415 0.0006918056981817675
0.02267530487804878 0.0006720211515317668
0.02191310975609756 0.0006527085298477294
0.021150914634146343 0.0006339404369705728
0.020769817073170733 0.0006156805709798382
0.020388719512195123 0.0005979289318755257
0.020198170731707318 0.0005806129158167177
0.020007621951219513 0.0005638414285647905
0.019435975609756097 0.0005476144701197441
0.019054878048780487 0.0005318231347202022
0.018483231707317072 0.0005165400262070824
0.018483231707317072 0.000501583634978091
0.017911585365853657 0.00048713547063552174
0.01753048780487805 0.0004730866274179983
0.016577743902439025 0.00045958231300735565
0.01600609756097561 0.0004463684139603827
0.015815548780487805 0.0004334812321975382
0.015434451219512195 0.0004209933715597396
0.01524390243902439 0.00040883222820606947
0.01524390243902439 0.000396961500216069
0.01486280487804878 0.0003855263952715732
0.014100609756097561 0.0003744906114521233
0.013719512195121951 0.0003637089410758844
0.013719512195121951 0.00035318138414285646
0.013338414634146341 0.00034301684641441574
0.013147865853658536 0.00033310642212918605
0.012957317073170731 0.0003234864132076261
0.012576219512195123 0.00031419312157019455
0.012195121951219513 0.00030515394337597403
0.011432926829268292 0.000296441482465882
0.011242378048780487 0.0002878379273171661
0.011242378048780487 0.00027952478753211994
0.011242378048780487 0.00027142945926982606
0.010861280487804877 0.0002635882444507432
0.010289634146341464 0.0002560737469157888
0.010289634146341464 0.0002486681551422106
0.009908536585365854 0.00024151667681184338
0.009908536585365854 0.00023451040616331102
0.009908536585365854 0.00022772194703753095
0.009717987804878049 0.0002211512994345032
0.009146341463414634 0.00021483476527468646
0.008955792682926829 0.00020862713687624587
0.008765243902439025 0.0002026373200005576
0.008765243902439025 0.00019675640888624547
0.00857469512195122 0.00019105700737422692
0.008384146341463415 0.00018557541738496066
0.00819359756097561 0.00018020273315707056
0.00819359756097561 0.00017497525661101533
0.0078125 0.00016996559158771241
0.0078125 0.00016502853040532692
0.007621951219512195 0.00016027297882523502
0.007240853658536586 0.0001556989368474367
0.007050304878048781 0.00015119749871055579
0.006859756097560976 0.0001468775701759685
0.006669207317073171 0.00014263024548229861
0.006288109756097561 0.00013856443039092232
0.006097560975609756 0.00013457121914046345
0.005907012195121951 0.00013068691365138076
0.005716463414634146 0.00012694781584413292
0.005716463414634146 0.0001232450199573438
0.005525914634146341 0.00011972373367284826
0.005335365853658537 0.00011627505122927016
0.005335365853658537 0.00011289897262660948
0.005335365853658537 0.00010963179978532496
0.004954268292682927 0.00010650983462587531
0.004954268292682927 0.00010342417138688437
0.004954268292682927 0.00010041111198881088
0.004763719512195122 9.754326027257225e-05
0.004573170731707317 9.474801239725104e-05
0.004573170731707317 9.198906644238857e-05
0.004382621951219513 8.933902624890223e-05
0.004192073170731708 8.679789181679205e-05
0.0040015243902439025 8.429305930514058e-05
0.0040015243902439025 8.186083063440656e-05
0.0040015243902439025 7.946490388413124e-05
0.0040015243902439025 7.717788289523207e-05
0.0038109756097560975 7.496346574725034e-05
0.0038109756097560975 7.278535051972734e-05
0.0038109756097560975 7.067983913312176e-05
0.003429878048780488 6.868323350789232e-05
0.003048780487804878 6.675923172358034e-05
0.002858231707317073 6.487153185972706e-05
0.002858231707317073 6.298383199587378e-05
0.0026676829268292685 6.116873597293793e-05
0.0026676829268292685 5.9389941870460805e-05
0.0026676829268292685 5.76474496884424e-05
0.0024771341463414634 5.605016518825886e-05
0.0024771341463414634 5.44165787676166e-05
0.0024771341463414634 5.2819294267433056e-05
0.0022865853658536584 5.133091552862566e-05
0.002096036585365854 4.987883871027699e-05
0.002096036585365854 4.842676189192831e-05
0.0019054878048780487 4.704728891449707e-05
0.0019054878048780487 4.570411785752454e-05
0.0019054878048780487 4.4360946800552024e-05
0.0019054878048780487 4.309037958449693e-05
0.0019054878048780487 4.181981236844184e-05
0.001714939024390244 4.06581509137629e-05
0.001714939024390244 3.9460187538625246e-05
0.001714939024390244 3.833482800440502e-05
0.001714939024390244 3.72094684701848e-05
0.001714939024390244 3.612041085642329e-05
0.001714939024390244 3.50676551631205e-05
0.001714939024390244 3.405120139027643e-05
0.001524390243902439 3.310735145834979e-05
0.0013338414634146342 3.219980344688187e-05
0.0011432926829268292 3.129225543541395e-05
0.0009527439024390244 3.0421009344404742e-05
0.0009527439024390244 2.9549763253395536e-05
0.0007621951219512195 2.8714819082845047e-05
0.0007621951219512195 2.7879874912294562e-05
0.0007621951219512195 2.7081232662202787e-05
0.0005716463414634146 2.6318892332569734e-05
0.0005716463414634146 2.555655200293668e-05
0.00038109756097560977 2.486681551422106e-05
0.00038109756097560977 2.4140777105046724e-05
0.00038109756097560977 2.3451040616331102e-05
0.00038109756097560977 2.276130412761548e-05
0.00038109756097560977 2.2107869559358577e-05
0.00038109756097560977 2.1454434991101673e-05
0.00038109756097560977 2.0837302343303487e-05
0.00038109756097560977 2.0256471615964015e-05
0.00038109756097560977 1.9675640888624546e-05
0.00038109756097560977 1.9094810161285078e-05
0.00038109756097560977 1.8550281354404324e-05
0.00038109756097560977 1.800575254752357e-05
0.00038109756097560977 1.7497525661101533e-05
0.00038109756097560977 1.69892987746795e-05
0.00038109756097560977 1.6481071888257463e-05
0.00038109756097560977 1.6009146922294144e-05
0.00019054878048780488 1.557352387678954e-05
0.00019054878048780488 1.5137900831284937e-05
0.00019054878048780488 1.4702277785780334e-05
0.00019054878048780488 1.4266654740275733e-05
0.00019054878048780488 1.3867333615229846e-05
0.00019054878048780488 1.346801249018396e-05
0.00019054878048780488 1.3068691365138075e-05
0.00019054878048780488 1.266937024009219e-05
0.00019054878048780488 1.2306351035505021e-05
0.00019054878048780488 1.197963375137657e-05
0.00019054878048780488 1.16166145467894e-05
0.00019054878048780488 1.1289897262660948e-05
0.00019054878048780488 1.0963179978532496e-05
0.00019054878048780488 1.0636462694404044e-05
0.00019054878048780488 1.0309745410275592e-05
0.00019054878048780488 1.0019330046605858e-05
0.00019054878048780488 9.728914682936122e-06
0.00019054878048780488 9.438499319266388e-06
0.00019054878048780488 9.18438587605537e-06
0.00019054878048780488 8.930272432844351e-06
0.00019054878048780488 8.639857069174617e-06
0.00019054878048780488 8.422045546422314e-06
0.00019054878048780488 8.167932103211298e-06
0.00019054878048780488 7.91381866000028e-06
0.00019054878048780488 7.696007137247977e-06
0.00019054878048780488 7.478195614495676e-06
0.0 7.2966860122020915e-06
0.0 7.078874489449791e-06
0.0 6.861062966697489e-06
0.0 6.679553364403905e-06
0.0 6.4980437621103205e-06
0.0 6.280232239358019e-06
0.0 6.098722637064435e-06
0.0 5.953514955229568e-06
0.0 5.772005352935983e-06
0.0 5.590495750642398e-06
0.0 5.445288068807531e-06
0.0 5.263778466513947e-06
0.0 5.118570784679079e-06
0.0 4.973363102844212e-06
0.0 4.828155421009344e-06
0.0 4.682947739174477e-06
0.0 4.537740057339609e-06
0.0 4.428834295963459e-06
0.0 4.283626614128592e-06
0.0 4.17472085275244e-06
0.0 4.06581509137629e-06
0.0 3.920607409541423e-06
0.0 3.8117016481652717e-06
0.0 3.7027958867891214e-06
0.0 3.5938901254129706e-06
0.0 3.4849843640368202e-06
0.0 3.3760786026606694e-06
0.0 3.3034747617432355e-06
0.0 3.194569000367085e-06
0.0 3.121965159449651e-06
0.0 3.0130593980735008e-06
0.0 2.9404555571560668e-06
0.0 2.8315497957799164e-06
0.0 2.7589459548624824e-06
0.0 2.686342113945049e-06
0.0 2.613738273027615e-06
0.0 2.5411344321101813e-06
0.0 2.4685305911927477e-06
0.0 2.3959267502753137e-06
0.0 2.32332290935788e-06
0.0 2.250719068440446e-06
0.0 2.1781152275230126e-06
0.0 2.1055113866055786e-06
0.0 2.069209466146862e-06
0.0 1.9966056252294282e-06
0.0 1.9240017843119942e-06
0.0 1.8876998638532775e-06
0.0 1.8150960229358437e-06
0.0 1.778794102477127e-06
0.0 1.7061902615596931e-06
0.0 1.6698883411009763e-06
0.0 1.6335864206422593e-06
0.0 1.5609825797248256e-06
0.0 1.5246806592661088e-06
0.0 1.488378738807392e-06
0.0 1.452076818348675e-06
0.0 1.3794729774312412e-06
0.0 1.3431710569725244e-06
0.0 1.3068691365138074e-06
0.0 1.2705672160550906e-06
0.0 1.2342652955963739e-06
0.0 1.1979633751376569e-06
0.0 1.16166145467894e-06
0.0 1.125359534220223e-06
0.0 1.0890576137615063e-06
0.0 1.0527556933027893e-06
0.0 1.0164537728440725e-06
0.0 9.801518523853557e-07
0.0 9.438499319266387e-07
0.0 9.075480114679218e-07
0.0 8.712460910092051e-07
0.0 8.349441705504882e-07
0.0 7.986422500917713e-07
0.0 7.623403296330544e-07
0.0 7.260384091743375e-07
0.0 6.897364887156206e-07
0.0 6.534345682569037e-07
0.0 6.171326477981869e-07
0.0 5.8083072733947e-07
0.0 5.445288068807531e-07
0.0 5.082268864220363e-07
0.0 4.7192496596331937e-07
0.0 4.3562304550460253e-07
0.0 3.9932112504588564e-07
0.0 3.6301920458716875e-07
0.0 3.2671728412845186e-07
0.0 2.90415363669735e-07
0.0 2.5411344321101813e-07
0.0 2.1781152275230126e-07
0.0 1.8150960229358437e-07
0.0 1.452076818348675e-07
0.0 1.0890576137615063e-07
0.0 7.260384091743375e-08
0.0 3.630192045871688e-08
0.0 0.0
