1.0 0.9996935391874875
1.0 0.9712207813102612
1.0 0.9432697183319471
1.0 0.9161228880994754
1.0 0.889757166289514
1.0 0.8641501183152192
1.0 0.8392798541185545
1.0 0.8151251733779721
1.0 0.7916655292064922
1.0 0.7688809192459423
1.0 0.7467519219688767
1.0 0.7252596240747367
1.0 0.7043857656975312
1.0 0.6841124862923949
1.0 0.66442257874903
1.0 0.6452991989763439
1.0 0.6267260837139711
1.0 0.6086874053245914
1.0 0.5911677354920101
1.0 0.5741521541269184
1.0 0.5576262130649741
1.0 0.5415757908591183
1.0 0.5259871653834179
1.0 0.5108470864369056
1.0 0.4961426668378181
1.0 0.4818613098197566
1.0 0.46799092684320825
1.0 0.45451961087826254
1.0 0.441435926819975
1.0 0.42872869367684435
1.0 0.4163871297784944
1.0 0.40440063496415113
1.0 0.39275904469608613
1.0 0.38145244855001414
1.0 0.3704711902150932
1.0 0.3598058674939245
1.0 0.3494474412083138
1.0 0.33938708999158956
1.0 0.3296161739866827
1.0 0.32012641635572864
1.0 0.310909721770465
1.0 0.3019581764122318
1.0 0.29326430208541465
1.0 0.28482051168863753
1.0 0.27661969004549064
1.0 0.26865483088532544
1.0 0.2609191820509365
1.0 0.25340610029088
1.0 0.24610916016523474
1.0 0.2390222266494431
1.0 0.23213920102086807
1.0 0.22545416606647492
1.0 0.2189615675924334
1.0 0.21265577880107245
1.0 0.2065313907062437
1.0 0.20058324843524203
1.0 0.19480623341728273
1.0 0.18919548119502438
1.0 0.18374612731112547
1.0 0.17845359772360822
1.0 0.17331335469241527
1.0 0.16832100568517117
1.0 0.16347226707526172
1.0 0.15876310934951604
1.0 0.1541894303909223
1.0 0.1497473458939914
1.0 0.14543308045899567
1.0 0.14124296759196875
1.0 0.1371734134027852
1.0 0.13322093290708104
1.0 0.129382186328174
1.0 0.12565390649322286
1.0 0.12203289883322724
1.0 0.11851604138302767
1.0 0.11510046629090791
1.0 0.11178308789362898
1.0 0.10856121984907695
1.0 0.10543203060745601
1.0 0.10239287012857269
1.0 0.09944116097607442
1.0 0.09657436201552909
1.0 0.09379011362210689
1.0 0.09108587466137569
1.0 0.08845957592386935
1.0 0.08590878518091716
1.0 0.08343139692113248
1.0 0.08102526933120827
1.0 0.07868840580551928
1.0 0.07641877343651984
1.0 0.07421444822242564
1.0 0.07207354246337282
1.0 0.06999424106333843
1.0 0.06797472892629955
1.0 0.06601337246583554
0.9998094512195121 0.06410850179360529
0.9998094512195121 0.06225837441742678
0.9998094512195121 0.06046150195856121
0.9998094512195121 0.058716323434428855
0.9998094512195121 0.05702135046629091
0.9998094512195121 0.05537513097732902
0.9998094512195121 0.053776321796486205
0.9998094512195121 0.05222350714886459
0.9998094512195121 0.0507153438634072
0.9998094512195121 0.04925059767481843
0.9998094512195121 0.04782799801588224
0.9998094512195121 0.046446310621303014
0.9998094512195121 0.045104373829626086
0.9998094512195121 0.04380109858323769
0.9998094512195121 0.04253532322068315
0.9998094512195121 0.041305922382428244
0.9998094512195121 0.04011191591662059
0.9998094512195121 0.038952251067566876
0.9998094512195121 0.03782598398533519
0.9998094512195121 0.036732134518073126
0.9998094512195121 0.03566972251392832
0.9998094512195121 0.03463787672680975
0.9998094512195121 0.033635762212546876
0.9998094512195121 0.032662435121207756
0.9998094512195121 0.03171713311246277
0.9998094512195121 0.030799021242141362
0.9998094512195121 0.029907337169913898
0.9998094512195121 0.029041318555450748
0.9998094512195121 0.028200203058422278
0.9998094512195121 0.027383264640419312
0.9998094512195121 0.026589922470714514
0.9998094512195121 0.02581934160513733
0.9998094512195121 0.025070941212960423
0.9998094512195121 0.024344067859615535
0.9996189024390244 0.023638177016295787
0.9996189024390244 0.022952542644592
0.9996189024390244 0.0222866202156973
0.9996189024390244 0.021639865200804798
0.9996189024390244 0.02101173307110762
0.9996189024390244 0.020401679297798885
0.9996189024390244 0.01980915935207171
0.9996189024390244 0.019233701308960127
0.9996189024390244 0.018674796941577722
0.9996189024390244 0.018131974324958527
0.9996189024390244 0.017604761534136582
0.9996189024390244 0.017092722946066383
0.9996189024390244 0.01659542293770242
0.9996189024390244 0.01611242588599919
0.9996189024390244 0.015643332469831652
0.9996189024390244 0.015187743368074755
0.9996189024390244 0.014745259259603455
0.9996189024390244 0.014315480823292707
0.9996189024390244 0.013898117643778839
0.9996189024390244 0.013492734098016346
0.9996189024390244 0.013099003468721103
0.9996189024390244 0.012716635340529438
0.9996189024390244 0.012345230392316307
0.9996189024390244 0.011984534510638495
0.9996189024390244 0.011634220978211878
0.9996189024390244 0.011293963077752324
0.9996189024390244 0.010963542997737084
0.9996189024390244 0.010642597718961568
0.9996189024390244 0.010330873127982566
0.9996189024390244 0.010028151413277326
0.9996189024390244 0.00973410585756172
0.9996189024390244 0.009448554951233453
0.9996189024390244 0.009171208278928856
0.9996189024390244 0.008901811727204717
0.9996189024390244 0.008640220088379204
0.9996189024390244 0.008386106645168185
0.9996189024390244 0.008139326189889828
0.9996189024390244 0.00789966091102138
0.9996189024390244 0.0076667840912787106
0.9996189024390244 0.007440804636423198
0.9996189024390244 0.00722121431956842
0.9996189024390244 0.0070079042349529995
0.9996189024390244 0.006800838080656478
0.9996189024390244 0.006599652837474269
0.9996189024390244 0.006404275901565455
0.9996189024390244 0.0062145257633277416
0.9996189024390244 0.006030220913158836
0.9996189024390244 0.005851252445297362
0.9996189024390244 0.005677402548220567
0.9996189024390244 0.005508562316167075
0.9996189024390244 0.005344586541455051
0.9996189024390244 0.005185293714482201
0.9996189024390244 0.005030611231407608
0.9996189024390244 0.004880393884549438
0.9996189024390244 0.004734496466225855
0.9996189024390244 0.0045927737687550246
0.9996189024390244 0.004455153188296029
0.9996189024390244 0.004321489517167033
0.9996189024390244 0.004191637547686203
0.9996189024390244 0.00406552467601262
0.9996189024390244 0.003943114600225827
0.9996189024390244 0.0038241532068826116
0.9996189024390244 0.0037086404959829748
0.9996189024390244 0.0035964675617655394
0.9996189024390244 0.0034874891965484714
0.9996189024390244 0.003381669098411312
0.9996189024390244 0.0032788620596722255
0.9996189024390244 0.0031790680803312128
0.9996189024390244 0.00308210565078598
0.9996189024390244 0.0029879384691160684
0.9996189024390244 0.0028964939314805606
0.9996189024390244 0.0028076631321180805
0.9996189024390244 0.0027213734671877104
0.9996189024390244 0.002637588634768992
0.9996189024390244 0.0025562360310210073
0.9996189024390244 0.0024772067501823807
0.9996189024390244 0.0024004281884121947
0.9996189024390244 0.002325900345710449
0.9996189024390244 0.002253478014395309
0.9996189024390244 0.002183161194466774
0.9996189024390244 0.0021148772820839276
0.9996189024390244 0.0020485173714853934
0.9996189024390244 0.0019841177645916297
0.9996189024390244 0.0019215332537208015
0.9996189024390244 0.0018607638388729096
0.9996189024390244 0.001801736916207036
0.9996189024390244 0.0017444161838027221
0.9996189024390244 0.0016887290378190503
0.9996189024390244 0.0016346754782560209
0.9996189024390244 0.0015821465993522575
0.9996189024390244 0.0015311424011077604
0.9996189024390244 0.0014816265816020705
0.9996189024390244 0.001433490235073812
0.9996189024390244 0.0013867696634434433
0.9996189024390244 0.0013413922628700472
0.9996189024390244 0.001297321731433165
0.9996189024390244 0.001254485465291879
0.9996189024390244 0.0012129197663666483
0.9996189024390244 0.0011725520308165551
0.9996189024390244 0.001133309654800682
0.9996189024390244 0.0010952289402394882
0.9996189024390244 0.0010582372832920557
0.9996189024390244 0.0010222983820379259
0.9996189024390244 0.000987412236477099
0.9996189024390244 0.0009535062427686574
0.9996189024390244 0.00092061670283306
0.9996189024390244 0.0008885984089884717
0.9994283536585366 0.0008576328708371862
0.9994283536585366 0.0008274659749359925
0.9994283536585366 0.000798170325125808
0.9994283536585366 0.0007697459214066326
0.9994283536585366 0.0007420838580170904
0.9994283536585366 0.0007152567387980986
0.9994283536585366 0.0006891919599087399
0.9992378048780488 0.0006639258232694729
0.9992378048780488 0.0006393494231189216
0.9992378048780488 0.0006154627594570859
0.9992378048780488 0.0005923021342044245
0.9992378048780488 0.0005697586415995613
0.999047256097561 0.0005479411874038725
0.999047256097561 0.0005267045639355232
0.999047256097561 0.0005060487711945132
0.999047256097561 0.00048601011110130154
0.999047256097561 0.00046655228173542927
0.999047256097561 0.00044763898117643777
0.999047256097561 0.00042930651134478575
0.999047256097561 0.0004114822683995558
0.9988567073170732 0.00039416625234074785
0.9988567073170732 0.0003773584631683619
0.9988567073170732 0.0003610225989619393
0.9984756097560976 0.0003452312635623975
0.9984756097560976 0.00032983924928790153
0.9982850609756098 0.0003149191599793689
0.9982850609756098 0.00030036208987542344
0.9975228658536586 0.0002863858504988174
0.9973323170731707 0.00027273632840633987
0.9965701219512195 0.00025955873127982566
0.9965701219512195 0.0002466352475965224
0.9958079268292683 0.00023421999079964128
0.9954268292682927 0.00022209514936642985
0.995045731707317 0.00021029702521734687
0.9944740853658537 0.00019889822219330976
0.9940929878048781 0.0001877898345329424
0.9937118902439024 0.00017700816415670349
0.993140243902439 0.00016658951298505174
0.9919969512195121 0.00015657018293844589
0.9916158536585366 0.00014669606057367488
0.9914253048780488 0.00013707605165211493
0.9902820121951219 0.00012792796769651828
0.9895198170731707 0.00011892509142275648
0.9883765243902439 0.00011032153627404059
0.9870426829268293 0.0001019720945685357
0.9862804878048781 9.376786054486568e-05
0.9847560975609756 8.596294764624156e-05
0.9826600609756098 7.848475203174588e-05
0.9809451219512195 7.115176409908508e-05
0.9782774390243902 6.425439921192887e-05
0.9738948170731707 5.78652612111947e-05
0.9689405487804879 5.180284049458898e-05
0.9643673780487805 4.588562745981813e-05
0.9601753048780488 4.007732018642343e-05
0.9533155487804879 3.495874940174435e-05
0.9468368902439024 2.9949084378441423e-05
0.9397865853658537 2.5266136639266947e-05
0.9283536585365854 2.1563340752477823e-05
0.9174923780487805 1.789684678614742e-05
0.9045350609756098 1.4847485467615201e-05
0.8879573170731707 1.2596766399174756e-05
0.8730945121951219 1.0200839648899443e-05
0.8561356707317073 8.34944170550488e-06
0.8365091463414634 7.151478330367224e-06
0.8191692073170732 5.663099591559833e-06
0.7995426829268293 4.755551580091911e-06
0.7791539634146342 4.102117011835007e-06
0.7591463414634146 3.557588204954254e-06
0.7399009146341463 2.9404555571560668e-06
0.7195121951219512 2.686342113945049e-06
0.6995045731707317 2.4685305911927477e-06
0.6808307926829268 2.141813307064296e-06
0.6619664634146342 1.9240017843119942e-06
0.6431021341463414 1.8150960229358437e-06
0.625 1.7061902615596931e-06
0.6074695121951219 1.5609825797248256e-06
0.5901295731707317 1.488378738807392e-06
0.5729801829268293 1.488378738807392e-06
0.5573551829268293 1.2705672160550906e-06
0.5411585365853658 1.2705672160550906e-06
0.5261051829268293 1.125359534220223e-06
0.5112423780487805 1.0527556933027893e-06
0.4963795731707317 1.0527556933027893e-06
0.48246951219512196 9.075480114679218e-07
0.4689405487804878 8.349441705504882e-07
0.4557926829268293 7.623403296330544e-07
0.4428353658536585 6.897364887156206e-07
0.4300685975609756 6.897364887156206e-07
0.4176829268292683 6.534345682569037e-07
0.4060594512195122 5.8083072733947e-07
0.3944359756097561 5.445288068807531e-07
0.3831935975609756 5.082268864220363e-07
0.3721417682926829 5.082268864220363e-07
0.36128048780487804 5.082268864220363e-07
0.3508003048780488 5.082268864220363e-07
0.3410823170731707 4.3562304550460253e-07
0.3315548780487805 3.6301920458716875e-07
0.32202743902439024 3.2671728412845186e-07
0.3128810975609756 2.90415363669735e-07
0.3041158536585366 2.5411344321101813e-07
0.29535060975609756 2.5411344321101813e-07
0.28715701219512196 1.8150960229358437e-07
0.2787728658536585 1.8150960229358437e-07
0.2707698170731707 1.8150960229358437e-07
0.2629573170731707 1.8150960229358437e-07
0.2553353658536585 1.8150960229358437e-07
0.24790396341463414 1.8150960229358437e-07
0.24104420731707318 1.452076818348675e-07
0.2339939024390244 1.452076818348675e-07
0.22732469512195122 1.452076818348675e-07
0.22065548780487804 1.452076818348675e-07
0.2145579268292683 1.0890576137615063e-07
0.20846036585365854 7.260384091743375e-08
0.20255335365853658 7.260384091743375e-08
0.19664634146341464 7.260384091743375e-08
0.19092987804878048 7.260384091743375e-08
0.18540396341463414 7.260384091743375e-08
0.1800685975609756 7.260384091743375e-08
0.17492378048780488 7.260384091743375e-08
0.16996951219512196 7.260384091743375e-08
0.16501524390243902 7.260384091743375e-08
0.1602515243902439 7.260384091743375e-08
0.15567835365853658 7.260384091743375e-08
0.15110518292682926 7.260384091743375e-08
0.14672256097560976 7.260384091743375e-08
0.14253048780487804 7.260384091743375e-08
0.13833841463414634 7.260384091743375e-08
0.13433689024390244 7.260384091743375e-08
0.13052591463414634 7.260384091743375e-08
0.12671493902439024 7.260384091743375e-08
0.12309451219512195 7.260384091743375e-08
0.11966463414634146 3.630192045871688e-08
0.11623475609756098 3.630192045871688e-08
0.11280487804878049 3.630192045871688e-08
0.10975609756097561 0.0
0.10670731707317073 0.0
0.10365853658536585 0.0
0.10060975609756098 0.0
0.0977515243902439 0.0
0.09489329268292683 0.0
0.09222560975609756 0.0
0.08955792682926829 0.0
0.08689024390243902 0.0
0.08441310975609756 0.0
0.0819359756097561 0.0
0.07964939024390244 0.0
0.07736280487804878 0.0
0.07507621951219512 0.0
0.07298018292682927 0.0
0.07088414634146341 0.0
0.06878810975609756 0.0
0.06669207317073171 0.0
0.06478658536585366 0.0
0.06307164634146341 0.0
0.061166158536585365 0.0
0.05945121951219512 0.0
0.05773628048780488 0.0
0.056021341463414635 0.0
0.05430640243902439 0.0
0.05278201219512195 0.0
0.05125762195121951 0.0
0.049733231707317076 0.0
0.04839939024390244 0.0
0.047065548780487805 0.0
0.045541158536585365 0.0
0.044397865853658534 0.0
0.0430640243902439 0.0
0.04173018292682927 0.0
0.04058689024390244 0.0
0.03944359756097561 0.0
0.03830030487804878 0.0
0.03715701219512195 0.0
0.03601371951219512 0.0
0.0350609756097561 0.0
0.034108231707317076 0.0
0.032964939024390245 0.0
0.03201219512195122 0.0
0.03125 0.0
0.030297256097560975 0.0
0.02934451219512195 0.0
0.028582317073170733 0.0
0.027629573170731708 0.0
0.026867378048780487 0.0
0.026105182926829267 0.0
0.02534298780487805 0.0
0.02458079268292683 0.0
0.02381859756097561 0.0
0.023246951219512195 0.0
0.022484756097560975 0.0
0.02191310975609756 0.0
0.021341463414634148 0.0
0.020579268292682928 0.0
0.020007621951219513 0.0
0.019435975609756097 0.0
0.018864329268292682 0.0
0.018292682926829267 0.0
0.017721036585365852 0.0
0.017339939024390245 0.0
0.01676829268292683 0.0
0.01638719512195122 0.0
0.015815548780487805 0.0
0.015434451219512195 0.0
0.01486280487804878 0.0
0.014481707317073171 0.0
0.014100609756097561 0.0
0.013719512195121951 0.0
0.013338414634146341 0.0
0.012957317073170731 0.0
0.012576219512195123 0.0
0.012195121951219513 0.0
0.011814024390243903 0.0
0.011432926829268292 0.0
0.011051829268292682 0.0
0.010861280487804877 0.0
0.010480182926829269 0.0
0.010099085365853659 0.0
0.009908536585365854 0.0
0.009527439024390244 0.0
0.009336890243902439 0.0
0.008955792682926829 0.0
0.008765243902439025 0.0
0.00857469512195122 0.0
0.00819359756097561 0.0
0.008003048780487805 0.0
0.0078125 0.0
0.007621951219512195 0.0
0.007240853658536586 0.0
0.007050304878048781 0.0
0.006859756097560976 0.0
0.006669207317073171 0.0
0.0064786585365853655 0.0
0.006288109756097561 0.0
0.006097560975609756 0.0
0.005907012195121951 0.0
0.005716463414634146 0.0
0.005525914634146341 0.0
0.005335365853658537 0.0
0.005144817073170732 0.0
0.004954268292682927 0.0
0.004763719512195122 0.0
0.004573170731707317 0.0
0.004382621951219513 0.0
0.004192073170731708 0.0
0.0040015243902439025 0.0
0.0038109756097560975 0.0
0.003620426829268293 0.0
0.003429878048780488 0.0
0.0032393292682926828 0.0
0.003048780487804878 0.0
0.002858231707317073 0.0
0.0026676829268292685 0.0
0.0024771341463414634 0.0
0.0022865853658536584 0.0
0.002096036585365854 0.0
0.0019054878048780487 0.0
0.001714939024390244 0.0
0.001524390243902439 0.0
0.0013338414634146342 0.0
0.0011432926829268292 0.0
0.0009527439024390244 0.0
0.0007621951219512195 0.0
0.0005716463414634146 0.0
0.00038109756097560977 0.0
0.00019054878048780488 0.0
0.0 0.0
