0.000000 0.000000
0.000000 0.000000
0.000000 0.000000
0.000000 0.000000
0.000000 0.000000
0.000000 0.000000
0.000000 0.000000
0.000000 0.000000
0.000000 0.000000
0.000000 0.000000
0.000000 0.000000
0.000000 0.000000
0.000000 0.000000
0.000000 0.000000
0.000000 0.000000
0.000000 0.000000
0.000000 0.000000
0.000000 0.000000
0.000000 0.000000
0.000000 0.000000
0.000000 0.000000
0.000000 0.000000
0.000000 0.000000
0.000000 0.000000
0.000000 0.000000
0.000000 0.000000
0.000000 0.000000
0.000000 0.000000
0.000000 0.000000
0.000000 0.000000
0.000000 0.000000
0.000000 0.000000
0.000000 0.000000
0.000000 0.000000
0.000000 0.000000
0.000000 0.000000
0.000000 0.000000
0.000000 0.000000
0.000000 0.000000
0.000000 0.000000
0.000000 0.000000
0.000000 0.000000
0.000000 0.000000
0.000000 0.000000
0.000000 0.000000
0.000000 0.000000
0.000000 0.000000
0.000000 0.000000
0.000000 0.000000
0.000000 0.000000
0.000000 0.000000
0.000000 0.000000
0.000000 0.000000
0.000000 0.000000
0.000000 0.000000
0.000000 0.000000
0.000000 0.000000
0.000000 0.000000
0.000000 0.000000
0.000000 0.000000
0.000000 0.000000
0.000000 0.000000
0.000000 0.000000
0.000000 0.000000
0.000000 0.000000
0.000000 0.000000
0.000000 0.000000
0.000000 0.000000
0.000000 0.000000
0.000000 0.000000
0.000000 0.000000
0.000000 0.000000
0.000000 0.000000
0.000000 0.000000
0.000000 0.000000
0.000000 0.000000
0.000000 0.000001
0.000000 0.000001
0.000000 0.000001
0.000000 0.000001
0.000000 0.000001
0.000000 0.000001
0.000000 0.000001
0.000000 0.000001
0.000000 0.000001
0.000000 0.000001
0.000000 0.000001
0.000000 0.000001
0.000000 0.000001
0.000000 0.000001
0.000000 0.000001
0.000000 0.000001
0.000000 0.000001
0.000000 0.000001
0.000000 0.000001
0.000000 0.000001
0.000000 0.000001
0.000000 0.000001
0.000000 0.000001
0.000000 0.000001
0.000000 0.000001
0.000000 0.000001
0.000000 0.000001
0.000000 0.000001
0.000000 0.000001
0.000000 0.000001
0.000000 0.000001
0.000000 0.000001
0.000000 0.000001
0.000000 0.000002
0.000000 0.000002
0.000000 0.000002
0.000190 0.000002
0.000190 0.000002
0.000190 0.000002
0.000190 0.000002
0.000190 0.000002
0.000190 0.000002
0.000190 0.000002
0.000190 0.000002
0.000190 0.000002
0.000190 0.000002
0.000190 0.000002
0.000190 0.000002
0.000190 0.000003
0.000190 0.000003
0.000190 0.000003
0.000190 0.000003
0.000190 0.000003
0.000190 0.000003
0.000190 0.000003
0.000190 0.000003
0.000190 0.000003
0.000190 0.000003
0.000190 0.000004
0.000190 0.000004
0.000190 0.000004
0.000190 0.000004
0.000381 0.000004
0.000381 0.000004
0.000381 0.000004
0.000381 0.000005
0.000381 0.000005
0.000381 0.000005
0.000381 0.000005
0.000381 0.000005
0.000381 0.000005
0.000381 0.000006
0.000381 0.000006
0.000381 0.000006
0.000381 0.000006
0.000381 0.000006
0.000381 0.000007
0.000381 0.000007
0.000381 0.000007
0.000381 0.000007
0.000381 0.000008
0.000381 0.000008
0.000381 0.000008
0.000381 0.000009
0.000381 0.000009
0.000381 0.000009
0.000381 0.000009
0.000381 0.000010
0.000381 0.000010
0.000381 0.000010
0.000571 0.000011
0.000571 0.000011
0.000571 0.000012
0.000571 0.000012
0.000571 0.000012
0.000762 0.000013
0.000762 0.000013
0.000762 0.000014
0.000762 0.000014
0.000762 0.000015
0.000762 0.000015
0.000952 0.000016
0.000952 0.000016
0.000952 0.000017
0.000952 0.000018
0.000952 0.000018
0.000952 0.000019
0.000952 0.000019
0.001143 0.000020
0.001143 0.000021
0.001143 0.000022
0.001143 0.000022
0.001143 0.000023
0.001333 0.000024
0.001333 0.000025
0.001524 0.000026
0.001524 0.000026
0.001524 0.000027
0.001524 0.000028
0.001524 0.000029
0.001524 0.000030
0.001714 0.000031
0.002095 0.000033
0.002095 0.000034
0.002476 0.000035
0.002476 0.000036
0.002667 0.000037
0.002667 0.000039
0.002857 0.000040
0.003048 0.000041
0.003048 0.000043
0.003238 0.000044
0.003429 0.000046
0.003429 0.000047
0.003429 0.000049
0.003619 0.000051
0.003810 0.000053
0.004000 0.000054
0.004000 0.000056
0.004000 0.000058
0.004190 0.000060
0.004381 0.000062
0.004381 0.000065
0.004381 0.000067
0.004571 0.000069
0.004571 0.000072
0.004762 0.000074
0.004952 0.000077
0.004952 0.000079
0.005143 0.000082
0.005143 0.000085
0.005333 0.000088
0.005714 0.000091
0.005714 0.000094
0.005714 0.000098
0.006095 0.000101
0.006286 0.000104
0.006476 0.000108
0.006476 0.000112
0.007048 0.000116
0.007048 0.000120
0.007238 0.000124
0.007238 0.000128
0.007429 0.000133
0.008190 0.000137
0.008381 0.000142
0.008571 0.000147
0.008762 0.000152
0.009333 0.000158
0.009524 0.000163
0.009524 0.000169
0.010667 0.000175
0.010667 0.000181
0.011238 0.000187
0.011429 0.000194
0.011619 0.000201
0.012381 0.000208
0.012571 0.000215
0.012952 0.000222
0.013905 0.000230
0.014095 0.000238
0.015048 0.000246
0.015429 0.000255
0.016000 0.000264
0.016190 0.000273
0.016571 0.000283
0.016952 0.000293
0.017524 0.000303
0.018095 0.000313
0.018476 0.000324
0.018667 0.000336
0.019619 0.000347
0.019810 0.000360
0.019810 0.000372
0.020000 0.000385
0.020952 0.000399
0.021714 0.000412
0.022286 0.000427
0.022857 0.000442
0.023810 0.000457
0.024381 0.000473
0.025905 0.000490
0.026286 0.000507
0.027238 0.000524
0.028190 0.000543
0.028762 0.000562
0.029143 0.000581
0.030095 0.000602
0.030667 0.000623
0.031238 0.000644
0.032571 0.000667
0.034286 0.000690
0.035619 0.000714
0.036571 0.000739
0.037905 0.000765
0.038857 0.000792
0.039429 0.000820
0.040571 0.000848
0.041333 0.000878
0.043238 0.000908
0.045143 0.000940
0.047429 0.000973
0.048762 0.001007
0.049524 0.001042
0.050667 0.001079
0.052381 0.001116
0.054095 0.001155
0.056190 0.001196
0.057524 0.001237
0.059429 0.001281
0.061905 0.001325
0.063619 0.001372
0.064762 0.001419
0.066476 0.001469
0.068762 0.001520
0.069905 0.001573
0.071619 0.001628
0.073143 0.001685
0.075048 0.001744
0.077905 0.001805
0.080571 0.001868
0.082667 0.001933
0.085524 0.002001
0.088952 0.002071
0.091238 0.002143
0.093143 0.002218
0.096000 0.002296
0.099619 0.002376
0.101333 0.002459
0.102286 0.002545
0.105333 0.002633
0.107238 0.002725
0.110286 0.002821
0.114095 0.002919
0.116762 0.003021
0.120190 0.003127
0.124190 0.003236
0.127429 0.003349
0.130095 0.003466
0.133524 0.003587
0.136190 0.003712
0.139048 0.003842
0.141905 0.003976
0.146286 0.004115
0.148762 0.004259
0.153333 0.004407
0.158286 0.004561
0.162476 0.004721
0.165143 0.004885
0.171048 0.005056
0.175048 0.005233
0.179048 0.005415
0.183619 0.005605
0.190286 0.005800
0.195048 0.006003
0.202286 0.006213
0.207048 0.006430
0.212952 0.006654
0.217333 0.006887
0.222095 0.007127
0.227238 0.007376
0.234095 0.007634
0.239619 0.007900
0.246095 0.008176
0.251429 0.008462
0.255810 0.008757
0.261905 0.009063
0.266857 0.009380
0.272000 0.009708
0.279238 0.010047
0.284190 0.010398
0.289524 0.010761
0.295048 0.011137
0.300952 0.011526
0.308000 0.011928
0.314286 0.012345
0.323429 0.012776
0.329905 0.013222
0.337905 0.013684
0.344000 0.014162
0.351048 0.014657
0.357714 0.015169
0.364762 0.015698
0.371429 0.016247
0.379238 0.016814
0.386667 0.017401
0.392952 0.018009
0.398286 0.018638
0.402286 0.019289
0.409333 0.019963
0.414857 0.020660
0.421714 0.021382
0.428571 0.022129
0.436571 0.022902
0.441714 0.023702
0.447238 0.024529
0.453524 0.025386
0.461524 0.026273
0.468762 0.027191
0.473905 0.028140
0.479810 0.029123
0.486286 0.030140
0.494095 0.031193
0.499048 0.032283
0.504952 0.033410
0.509714 0.034577
0.517143 0.035785
0.523238 0.037035
0.530286 0.038329
0.534857 0.039667
0.539619 0.041053
0.544762 0.042487
0.549714 0.043971
0.554667 0.045507
0.558476 0.047096
0.563619 0.048741
0.567619 0.050443
0.570286 0.052205
0.573714 0.054029
0.576762 0.055916
0.580571 0.057869
0.584381 0.059890
0.587429 0.061982
0.589714 0.064147
0.593333 0.066388
0.596000 0.068706
0.600571 0.071106
0.604000 0.073590
0.606095 0.076160
0.608952 0.078820
0.611810 0.081573
0.613905 0.084423
0.615810 0.087371
0.617714 0.090423
0.619238 0.093581
0.621905 0.096850
0.624381 0.100233
0.625714 0.103734
0.627810 0.107357
0.631048 0.111107
0.633143 0.114988
0.635619 0.119004
0.639048 0.123161
0.640571 0.127463
0.643619 0.131915
0.646476 0.136522
0.649714 0.141291
0.654095 0.146226
0.657714 0.151333
0.663238 0.156619
0.666667 0.162089
0.671238 0.167751
0.676190 0.173610
0.681905 0.179674
0.688000 0.185950
0.693905 0.192445
0.699810 0.199166
0.707429 0.206123
0.713714 0.213323
0.721714 0.220774
0.729524 0.228485
0.737714 0.236465
0.748190 0.244725
0.758095 0.253273
0.769905 0.262119
0.778667 0.271274
0.788762 0.280750
0.803619 0.290556
0.813333 0.300704
0.824190 0.311208
0.833143 0.322077
0.843048 0.333327
0.857143 0.344970
0.868571 0.357019
0.880952 0.369489
0.892000 0.382395
0.901333 0.395751
0.910095 0.409574
0.918095 0.423880
0.925143 0.438685
0.934286 0.454008
0.941143 0.469865
0.946667 0.486277
0.952952 0.503262
0.958476 0.520840
0.962286 0.539032
0.966667 0.557860
0.970667 0.577345
0.974476 0.597511
0.977714 0.618381
0.980571 0.639980
0.983810 0.662333
0.985714 0.685467
0.987810 0.709410
0.990286 0.734188
0.992381 0.759832
0.993905 0.786372
0.996000 0.813839
0.997333 0.842265
0.997905 0.871683
0.998476 0.902130
0.998667 0.933640
0.998857 0.966250
1.000000 1.000000
