1.0 0.9999999636842424
1.0 0.9712215415196604
1.0 0.9432712638929562
1.0 0.9161251260883106
1.0 0.8897599949680887
1.0 0.864153645288597
1.0 0.8392838881219001
1.0 0.8151298419073385
1.0 0.7916706977157679
1.0 0.7688865908277436
1.0 0.7467579833656398
1.0 0.7252661363984995
1.0 0.7043926015214269
1.0 0.684119729276195
1.0 0.6644301244148805
1.0 0.6453071180047135
1.0 0.6267342953232277
1.0 0.6086958227000795
1.0 0.5911764112012904
1.0 0.5741610624189433
1.0 0.5576353226814859
1.0 0.541585065159185
1.0 0.5259965988113998
1.0 0.510856668386581
1.0 0.49615238179075616
1.0 0.481871173771772
1.0 0.46800084223505184
1.0 0.454529620875111
1.0 0.44144599759676845
1.0 0.42873885977817755
1.0 0.4163973126920377
1.0 0.40441086108438273
1.0 0.3927693365430653
1.0 0.3814627159189688
1.0 0.37048144816782647
1.0 0.3598161638241597
1.0 0.34945771131703596
1.0 0.3393973385488572
1.0 0.32962640236929813
1.0 0.32013662278561034
1.0 0.31091986506807606
1.0 0.3019683213287965
1.0 0.2932743289429035
1.0 0.28483051581159036
1.0 0.2766296187833233
1.0 0.2686647015483877
1.0 0.2609289730600994
1.0 0.25341578753480504
1.0 0.24611875339915493
1.0 0.23903176960586073
0.9998094149037545 0.23214869879187644
0.9998094149037545 0.22546362148870203
0.9998094149037545 0.21897090875389885
0.9998094149037545 0.2126650042765436
0.999618829807509 0.20654056964025902
0.9992376596150181 0.2005923753759407
0.9990470745187726 0.19481533727751515
0.9984753192300362 0.18920455271769698
0.9975223937488088 0.18375530064798934
0.9965694682675815 0.17846282370413755
0.9952353725938632 0.17332272767946375
0.9939012769201448 0.168330509420017
0.992376596150181 0.1634820289294231
0.9906613302839717 0.1587730735797924
0.9874213836477987 0.15419986653232742
0.9853249475890985 0.14975808621186554
0.9811320754716981 0.1454445005159743
0.9771297884505432 0.14125504207979472
0.9735086716218792 0.13718604301180234
0.9679817038307604 0.1332344891041106
0.9635982466171146 0.12939653088640662
0.9588336192109777 0.12566900888777327
0.9540689918048408 0.12204879995305098
0.9468267581475128 0.11853325303192998
0.9393939393939394 0.1151189181274317
0.9304364398704021 0.11180318050500403
0.9210977701543739 0.10858298964100276
0.9113779302458548 0.10545551290632975
0.898989898989899 0.10241864398704022
0.8892700590813798 0.09946867867585193
0.8787878787878788 0.09660380118488149
0.8694492090718505 0.0938211788850307
0.8572517629121402 0.09111921388296215
0.8463884124261483 0.08849481933927401
0.8336192109777015 0.08594636104487118
0.8181818181818182 0.08347180531732419
0.8035067657709167 0.08106839215905023
0.7888317133600152 0.07873419683489288
0.7772060224890414 0.0764666772418153
0.7615780445969125 0.0742652523276948
0.7484276729559748 0.07212676262161422
0.7301315037164093 0.07005084496599683
0.7173623022679626 0.06803368620628746
0.7049742710120068 0.06607459634309036
0.6882027825424052 0.06417270379822151
0.6750524109014675 0.06232503067955208
0.6609491137793024 0.06053077804041334
0.6483704974271012 0.05878791219837584
0.6367448065561273 0.057095089470405855
0.6218791690489803 0.05545161985710766
0.6129216695254431 0.05385441651907943
0.5984372022107871 0.05230427840298986
0.5839527348961311 0.05079880866883283
0.5719458738326663 0.04933626416024023
0.5601295978654469 0.047915809614785684
0.5469792262245092 0.04653653713852748
0.538021726700972 0.045196304101763146
0.5242995997712979 0.04389547366206938
0.5147703449590242 0.04263143108489404
0.5052410901467506 0.0414038495284181
0.49266247379454925 0.040212147940518854
0.48332380407852105 0.03905418369149386
0.4724604535925291 0.037929920465585444
0.4612159329140461 0.03683812352703287
0.4505431675242996 0.03577770340310607
0.4404421574232895 0.03474771588410567
0.4286258814560701 0.0337477614966973
0.41680960548885077 0.0327766418208779
0.40556508481036785 0.03183337633119041
0.3933676386506575 0.03091756555430048
0.382694873260911 0.030027865807174366
0.3746902992186011 0.02916329656435501
0.3666857251762912 0.028323676247054067
0.35791881074899945 0.0275083511716335
0.3518200876691443 0.02671597765505957
0.3434343434343434 0.02594695517066663
0.33199923765961503 0.025200775297847318
0.32437583380979607 0.02447525909114151
0.3156089193825043 0.02377095128691424
0.3072231751477035 0.023086835043950784
0.2995997712978845 0.022422329310128435
0.29064227177434726 0.02177721619090119
0.28416237850200116 0.021150297266265973
0.2771107299409186 0.02054153622046512
0.26910615589860876 0.019950497264406605
0.2624356775300172 0.019376272504148712
0.2555746140651801 0.018818607729387756
0.24966647608157042 0.018276885572243374
0.2431865828092243 0.017750851822411876
0.23727844482561464 0.017239925427770572
0.2317514770344959 0.016743597967712097
0.2260339241471317 0.0162616878634481
0.22012578616352202 0.015793686694371232
0.2144082332761578 0.01533912235563179
0.20830951019630264 0.014897704321168426
0.20335429769392033 0.01446888785461611
0.19725557461406518 0.014052636640217175
0.1926815323041738 0.013648079099787568
0.18734514960930054 0.013255360496357966
0.18029350104821804 0.012874262935382356
0.17571945873832667 0.012503660628373008
0.17152658662092624 0.012143807785633603
0.16866781017724414 0.011793978092010765
0.16371259767486182 0.01145464365235419
0.16085382123117972 0.011124714993933816
0.15685153421002476 0.010804482642810991
0.15113398132266057 0.010493837651712709
0.14770344959024204 0.01019172686366658
0.1437011625690871 0.009898440804733948
0.13931770535544122 0.009613688948853468
0.13550600343053174 0.009337035506933114
0.129979035639413 0.009068698373518898
0.12578616352201258 0.00880784228618444
0.12121212121212122 0.008554612507960415
0.11816275967219364 0.008308355355208784
0.11358871736230226 0.008069542932779242
0.11092052601486564 0.007837194715214733
0.10787116447493807 0.007611710175849614
0.10463121783876501 0.0073927261571071975
0.10272536687631027 0.007179806869895457
0.10062893081761007 0.0069730612614874
0.09777015437392796 0.006772380384610021
0.0945302077377549 0.006577546344717307
0.09205260148656375 0.006388341247263244
0.08938441013912712 0.006204510881944154
0.08766914427291786 0.006025837354214023
0.08442919763674481 0.005852574874376531
0.08195159138555365 0.005684215021824318
0.08004574042309891 0.005520576217769039
0.07718696397941681 0.005361803725241369
0.07451877263198017 0.005207643333937627
0.07261292166952545 0.005057768202038796
0.07032590051457976 0.0049122509610602105
0.06803887935963408 0.004770982663728867
0.06575185820468839 0.004633745415498752
0.06308366685725177 0.004500575532127534
0.06079664570230608 0.004371073540280857
0.05946255002858777 0.0042453120714740595
0.05793786925862397 0.0041231095469187965
0.05565084810367829 0.004004611229645744
0.05336382694873261 0.003889526593593552
0.05183914617876882 0.0037776014284585384
0.05107680579378693 0.003668763102725367
0.049170954831332186 0.003563302142455387
0.048027444253859346 0.0034606738112835673
0.046883933676386505 0.003361096003755921
0.045549838002668194 0.0032643871410841037
0.044596912521440824 0.003170401960237441
0.04364398704021345 0.0030791041454582644
0.043262816847722506 0.002990348433715898
0.04230989136649514 0.0029042074565256803
0.040975795692776824 0.0028207175296452794
0.03964170001905851 0.002739551811255677
0.038307604345340196 0.0026607466171145416
0.0375452639603583 0.0025840840526758614
0.036211168286639984 0.0025098546440009855
0.03582999809414904 0.0024375136547248833
0.03449590242043072 0.0023673879266665736
0.033542976939203356 0.0022992958810377126
0.03220888126548504 0.0022332012020806315
0.031065370688012198 0.002168994942522324
0.030874785591766724 0.002106459207816778
0.030493615399275777 0.002045739260994668
0.029921860110539357 0.001986835102055995
0.029921860110539357 0.0019294925206970767
0.029159519725557463 0.0018739657272215946
0.028397179340575566 0.0018200368270835368
0.027253668763102725 0.0017677058202829026
0.02649132837812083 0.0017168637595466863
0.025728987993138937 0.0016674380133595505
0.024585477415666093 0.0016195375289945009
0.0238231370306842 0.0015729444119055255
0.02267962645321136 0.0015278039251232993
0.02210787116447494 0.001483825542586472
0.021345530779493044 0.0014411545273257192
0.020773775490756624 0.0013996456163103655
0.020202020202020204 0.0013593714410557484
0.020011435105774727 0.0013201867385311931
0.019439679817038306 0.001282200456009706
0.01848675433581094 0.0012453762777336179
0.01791499904707452 0.0012095689406722541
0.017533828854583572 0.0011747421290679459
0.0173432437583381 0.0011408595271630245
0.016580903373356205 0.0011081027137458338
0.01581856298837431 0.0010762537942703612
0.015246807699637889 0.0010453127687366068
0.014865637507146942 0.0010151706898715643
0.01429388221841052 0.000986045452221246
0.013912712025919573 0.0009576828454819711
0.013340956737183152 0.0009301555011690768
0.013340956737183152 0.0009033181562518884
0.012578616352201259 0.0008773887052764181
0.012388031255955785 0.0008521129379389849
0.01219744615971031 0.0008275634857549262
0.011244520678482943 0.0008038492959972481
0.010863350485991996 0.0007807524741199384
0.010482180293501049 0.0007582730201229971
0.010101010101010102 0.0007364835655217616
0.009910425004764627 0.0007152751630432256
0.00895749952353726 0.0006948293914757329
0.008766914427291786 0.000674819409000265
0.008576329331046312 0.0006553904786474966
0.008576329331046312 0.0006364336531444216
0.008195159138555366 0.0006182031427947213
0.008004574042309892 0.0006004084215370456
0.007813988946064417 0.000583122120886732
0.007432818753573471 0.0005663079250861119
0.0072422336573279966 0.0005500747814081914
0.007051648561082523 0.000534241111064627
0.00686106346483705 0.0005188432298130871
0.006670478368591576 0.0005039174534112408
0.006479893272346103 0.0004894274661014191
0.006289308176100629 0.0004753369521259535
0.006098723079855155 0.00046168222724251256
0.006098723079855155 0.00044835434417809015
0.006098723079855155 0.0004354259344480237
0.006098723079855155 0.00042286068229464456
0.005717552887364208 0.0004107312192332901
0.005526967791118735 0.00039889228223328544
0.005526967791118735 0.0003873801870522993
0.005336382694873261 0.0003762312494480005
0.004955212502382313 0.00036548178517805763
0.004955212502382313 0.0003549138996964584
0.00476462740613684 0.0003447091717915464
0.004574042309891366 0.00033483128570565294
0.004383457213645893 0.0003252076099234406
0.004383457213645893 0.00031580182868724057
0.004383457213645893 0.0003066865735123904
0.0041928721174004195 0.0002978981601565587
0.0041928721174004195 0.00028929132558907063
0.004002287021154946 0.0002809750170829324
0.004002287021154946 0.0002728402873651378
0.003811701924909472 0.00026503239946636174
0.003811701924909472 0.00025736977459826056
0.0032399466361730514 0.00025007030730684666
0.0032399466361730514 0.0002428434715307702
0.0032399466361730514 0.0002358345303007061
0.0032399466361730514 0.00022904348361665435
0.0032399466361730514 0.00022243401572094622
0.0032399466361730514 0.00021600612661358174
0.0032399466361730514 0.0002097961320522296
0.002858776443682104 0.00020380403203688983
0.002858776443682104 0.00019792087929455625
0.002858776443682104 0.00019221930534056626
0.0024776062511911567 0.00018673562593258866
0.0024776062511911567 0.00018136089379761723
0.002287021154945683 0.00017613142469332068
0.002287021154945683 0.00017108353437736778
0.002287021154945683 0.00016614459133442106
0.002287021154945683 0.00016135091132214925
0.0020964360587002098 0.00015670249434055232
0.0020964360587002098 0.0001521993403896303
0.0020964360587002098 0.00014780513371171448
0.001905850962454736 0.00014359250582214226
0.001905850962454736 0.0001394161936902388
0.001905850962454736 0.00013542146034667892
0.001905850962454736 0.00013149935851845655
0.0017152658662092624 0.00012775883547857777
0.0017152658662092624 0.00012405462819636772
0.0015246807699637887 0.00012049568394483259
0.0015246807699637887 0.00011704568696630363
0.0015246807699637887 0.00011366832150311212
0.0015246807699637887 0.00011036358755525806
0.0013340956737183153 0.00010724043239574762
0.0013340956737183153 0.00010415359299390592
0.0013340956737183153 0.00010113938510740168
0.0013340956737183153 9.819780873623488e-05
0.0013340956737183153 9.536517963807425e-05
0.0013340956737183153 9.264149781291982e-05
0.0013340956737183153 8.995413174543409e-05
0.0013340956737183153 8.733939719328583e-05
0.0011435105774728416 8.486992567181247e-05
0.0011435105774728416 8.243676990800783e-05
0.0011435105774728416 8.003992990187192e-05
0.0007623403849818944 7.775203716874219e-05
0.0007623403849818944 7.557309170861863e-05
0.0007623403849818944 7.339414624849508e-05
0.0007623403849818944 7.121520078837153e-05
0.0007623403849818944 6.921783411659159e-05
0.0007623403849818944 6.718415168714295e-05
0.0007623403849818944 6.525941653070047e-05
0.0007623403849818944 6.340731288959544e-05
0.0005717552887364208 6.159152500615915e-05
0.0005717552887364208 5.981205288039158e-05
0.0005717552887364208 5.810521226996146e-05
0.0003811701924909472 5.64710031748688e-05
0.0003811701924909472 5.483679407977613e-05
0.0003811701924909472 5.3238900742352194e-05
0.0001905850962454736 5.174995467793443e-05
0.0001905850962454736 5.0261008613516664e-05
0.0001905850962454736 4.880837830676763e-05
0.0001905850962454736 4.739206375768732e-05
0.0001905850962454736 4.604838072394446e-05
0.0001905850962454736 4.47046976902016e-05
0.0001905850962454736 4.3433646171796194e-05
0.0001905850962454736 4.2162594653390786e-05
0.0001905850962454736 4.096417465032283e-05
0.0001905850962454736 3.976575464725488e-05
0.0001905850962454736 3.8639966159524374e-05
0.0001905850962454736 3.751417767179387e-05
0.0001905850962454736 3.642470494173209e-05
0.0001905850962454736 3.5371547969339043e-05
0.0001905850962454736 3.4354706754614715e-05
0.0001905850962454736 3.3374181297559115e-05
0.0001905850962454736 3.2393655840503514e-05
0.0001905850962454736 3.148576189878537e-05
0.0001905850962454736 3.0577867957067224e-05
0.0001905850962454736 2.966997401534907e-05
0.0001905850962454736 2.883471158896838e-05
0.0001905850962454736 2.7999449162587682e-05
0.0001905850962454736 2.720050249387571e-05
0.0001905850962454736 2.640155582516374e-05
0.0001905850962454736 2.5638924914120496e-05
0.0001905850962454736 2.491260976074598e-05
0.0001905850962454736 2.418629460737146e-05
0.0001905850962454736 2.3496295211665667e-05
0.0001905850962454736 2.2806295815959874e-05
0.0001905850962454736 2.215261217792281e-05
0.0001905850962454736 2.149892853988574e-05
0.0001905850962454736 2.08815606595174e-05
0.0001905850962454736 2.0300508536817788e-05
0.0001905850962454736 1.971945641411817e-05
0.0001905850962454736 1.913840429141856e-05
0.0001905850962454736 1.859366792638767e-05
0.0001905850962454736 1.804893156135678e-05
0.0001905850962454736 1.750419519632589e-05
0.0001905850962454736 1.7032090346632454e-05
0.0001905850962454736 1.6523669739270293e-05
0.0001905850962454736 1.6051564889576853e-05
0.0001905850962454736 1.5579460039883416e-05
0.0001905850962454736 1.5143670947858706e-05
0.0001905850962454736 1.4707881855833996e-05
0.0001905850962454736 1.4272092763809285e-05
0.0001905850962454736 1.3872619429453299e-05
0.0 1.350946185276604e-05
0.0 1.3109988518410056e-05
0.0 1.271051518405407e-05
0.0 1.2347357607366812e-05
0.0 1.1984200030679552e-05
0.0 1.1657358211661019e-05
0.0 1.1330516392642485e-05
0.0 1.1003674573623953e-05
0.0 1.0676832754605419e-05
0.0 1.0349990935586886e-05
0.0 1.0059464874237078e-05
0.0 9.768938812887272e-06
0.0 9.478412751537464e-06
0.0 9.224202447856383e-06
0.0 8.969992144175301e-06
0.0 8.679466082825493e-06
0.0 8.461571536813139e-06
0.0 8.207361233132057e-06
0.0 7.953150929450976e-06
0.0 7.73525638343862e-06
0.0 7.517361837426265e-06
0.0 7.299467291413909e-06
0.0 7.0815727454015536e-06
0.0 6.863678199389198e-06
0.0 6.682099411045568e-06
0.0 6.500520622701939e-06
0.0 6.282626076689583e-06
0.0 6.101047288345954e-06
0.0 5.919468500002325e-06
0.0 5.7742054693274205e-06
0.0 5.592626680983791e-06
0.0 5.447363650308887e-06
0.0 5.265784861965258e-06
0.0 5.120521831290354e-06
0.0 4.97525880061545e-06
0.0 4.829995769940547e-06
0.0 4.684732739265643e-06
0.0 4.5394697085907395e-06
0.0 4.4305224355845615e-06
0.0 4.285259404909658e-06
0.0 4.17631213190348e-06
0.0 4.067364858897302e-06
0.0 3.922101828222399e-06
0.0 3.813154555216221e-06
0.0 3.7042072822100434e-06
0.0 3.595260009203866e-06
0.0 3.4863127361976878e-06
0.0 3.37736546319151e-06
0.0 3.304733947854058e-06
0.0 3.1957866748478805e-06
0.0 3.123155159510429e-06
0.0 3.014207886504251e-06
0.0 2.9415763711667993e-06
0.0 2.8326290981606213e-06
0.0 2.7599975828231697e-06
0.0 2.6873660674857176e-06
0.0 2.614734552148266e-06
0.0 2.542103036810814e-06
0.0 2.4694715214733624e-06
0.0 2.3968400061359104e-06
0.0 2.324208490798459e-06
0.0 2.2515769754610068e-06
0.0 2.1789454601235547e-06
0.0 2.106313944786103e-06
0.0 2.069998187117377e-06
0.0 1.9973666717799255e-06
0.0 1.9247351564424735e-06
0.0 1.8884193987737475e-06
0.0 1.8157878834362957e-06
0.0 1.7794721257675699e-06
0.0 1.706840610430118e-06
0.0 1.670524852761392e-06
0.0 1.6342090950926663e-06
0.0 1.5615775797552145e-06
0.0 1.5252618220864884e-06
0.0 1.4889460644177624e-06
0.0 1.4526303067490366e-06
0.0 1.3799987914115848e-06
0.0 1.3436830337428588e-06
0.0 1.307367276074133e-06
0.0 1.271051518405407e-06
0.0 1.2347357607366812e-06
0.0 1.1984200030679552e-06
0.0 1.1621042453992294e-06
0.0 1.1257884877305034e-06
0.0 1.0894727300617774e-06
0.0 1.0531569723930516e-06
0.0 1.0168412147243256e-06
0.0 9.805254570555998e-07
0.0 9.442096993868738e-07
0.0 9.078939417181478e-07
0.0 8.715781840494219e-07
0.0 8.35262426380696e-07
0.0 7.989466687119701e-07
0.0 7.626309110432442e-07
0.0 7.263151533745183e-07
0.0 6.899993957057924e-07
0.0 6.536836380370665e-07
0.0 6.173678803683406e-07
0.0 5.810521226996147e-07
0.0 5.447363650308887e-07
0.0 5.084206073621628e-07
0.0 4.721048496934369e-07
0.0 4.3578909202471097e-07
0.0 3.9947333435598506e-07
0.0 3.6315757668725916e-07
0.0 3.2684181901853325e-07
0.0 2.9052606134980735e-07
0.0 2.542103036810814e-07
0.0 2.1789454601235549e-07
0.0 1.8157878834362958e-07
0.0 1.4526303067490367e-07
0.0 1.0894727300617774e-07
0.0 7.263151533745184e-08
0.0 3.631575766872592e-08
0.0 0.0
