0.000000 0.000000
0.000000 0.000000
0.000000 0.000000
0.000000 0.000000
0.000000 0.000000
0.000000 0.000000
0.000000 0.000000
0.000000 0.000000
0.000000 0.000000
0.000000 0.000000
0.000000 0.000000
0.000000 0.000000
0.000000 0.000000
0.000000 0.000000
0.000000 0.000000
0.000000 0.000000
0.000000 0.000000
0.000000 0.000000
0.000000 0.000000
0.000000 0.000000
0.000000 0.000000
0.000000 0.000000
0.000000 0.000000
0.000000 0.000000
0.000000 0.000000
0.000000 0.000000
0.000000 0.000000
0.000000 0.000000
0.000000 0.000000
0.000000 0.000000
0.000000 0.000000
0.000000 0.000000
0.000000 0.000000
0.000000 0.000000
0.000000 0.000000
0.000000 0.000000
0.000000 0.000000
0.000000 0.000000
0.000000 0.000000
0.000000 0.000000
0.000000 0.000000
0.000000 0.000000
0.000000 0.000000
0.000000 0.000000
0.000000 0.000000
0.000000 0.000000
0.000000 0.000000
0.000000 0.000000
0.000000 0.000000
0.000000 0.000000
0.000000 0.000000
0.000000 0.000000
0.000000 0.000000
0.000000 0.000000
0.000000 0.000000
0.000000 0.000000
0.000000 0.000000
0.000000 0.000000
0.000000 0.000000
0.000000 0.000000
0.000000 0.000000
0.000000 0.000000
0.000000 0.000000
0.000000 0.000000
0.000000 0.000000
0.000000 0.000000
0.000000 0.000000
0.000000 0.000000
0.000000 0.000000
0.000000 0.000000
0.000000 0.000000
0.000000 0.000000
0.000000 0.000000
0.000000 0.000000
0.000000 0.000000
0.000000 0.000000
0.000000 0.000001
0.000000 0.000001
0.000000 0.000001
0.000000 0.000001
0.000000 0.000001
0.000000 0.000001
0.000000 0.000001
0.000000 0.000001
0.000000 0.000001
0.000000 0.000001
0.000000 0.000001
0.000000 0.000001
0.000000 0.000001
0.000000 0.000001
0.000000 0.000001
0.000000 0.000001
0.000000 0.000001
0.000000 0.000001
0.000000 0.000001
0.000000 0.000001
0.000000 0.000001
0.000000 0.000001
0.000000 0.000001
0.000000 0.000001
0.000000 0.000001
0.000000 0.000001
0.000000 0.000001
0.000000 0.000001
0.000000 0.000001
0.000000 0.000001
0.000000 0.000001
0.000000 0.000001
0.000000 0.000001
0.000000 0.000002
0.000000 0.000002
0.000000 0.000002
0.000000 0.000002
0.000000 0.000002
0.000000 0.000002
0.000000 0.000002
0.000000 0.000002
0.000000 0.000002
0.000000 0.000002
0.000000 0.000002
0.000000 0.000002
0.000000 0.000002
0.000000 0.000002
0.000000 0.000002
0.000000 0.000003
0.000191 0.000003
0.000191 0.000003
0.000191 0.000003
0.000191 0.000003
0.000191 0.000003
0.000191 0.000003
0.000191 0.000003
0.000191 0.000003
0.000191 0.000003
0.000191 0.000004
0.000191 0.000004
0.000191 0.000004
0.000191 0.000004
0.000191 0.000004
0.000191 0.000004
0.000191 0.000004
0.000191 0.000005
0.000191 0.000005
0.000191 0.000005
0.000191 0.000005
0.000191 0.000005
0.000191 0.000005
0.000191 0.000006
0.000191 0.000006
0.000191 0.000006
0.000191 0.000006
0.000191 0.000006
0.000191 0.000007
0.000191 0.000007
0.000191 0.000007
0.000191 0.000007
0.000191 0.000008
0.000191 0.000008
0.000191 0.000008
0.000191 0.000009
0.000191 0.000009
0.000191 0.000009
0.000191 0.000009
0.000191 0.000010
0.000191 0.000010
0.000191 0.000010
0.000191 0.000011
0.000191 0.000011
0.000191 0.000012
0.000191 0.000012
0.000191 0.000012
0.000191 0.000013
0.000191 0.000013
0.000191 0.000014
0.000191 0.000014
0.000191 0.000015
0.000191 0.000015
0.000191 0.000016
0.000191 0.000016
0.000191 0.000017
0.000191 0.000018
0.000191 0.000018
0.000191 0.000019
0.000191 0.000019
0.000191 0.000020
0.000191 0.000021
0.000191 0.000022
0.000191 0.000022
0.000191 0.000023
0.000191 0.000024
0.000191 0.000025
0.000191 0.000026
0.000191 0.000026
0.000191 0.000027
0.000191 0.000028
0.000191 0.000029
0.000191 0.000030
0.000191 0.000031
0.000191 0.000033
0.000191 0.000034
0.000191 0.000035
0.000191 0.000036
0.000191 0.000037
0.000191 0.000039
0.000191 0.000040
0.000191 0.000041
0.000191 0.000043
0.000191 0.000044
0.000191 0.000046
0.000191 0.000047
0.000191 0.000049
0.000191 0.000051
0.000191 0.000053
0.000191 0.000054
0.000191 0.000056
0.000191 0.000058
0.000191 0.000060
0.000191 0.000062
0.000191 0.000065
0.000191 0.000067
0.000381 0.000069
0.000381 0.000072
0.000381 0.000074
0.000572 0.000077
0.000762 0.000079
0.000762 0.000082
0.000762 0.000085
0.000762 0.000088
0.000762 0.000091
0.000762 0.000094
0.000762 0.000098
0.000953 0.000101
0.001143 0.000104
0.001524 0.000108
0.001524 0.000112
0.001715 0.000116
0.001715 0.000120
0.001715 0.000124
0.001715 0.000128
0.001715 0.000133
0.001905 0.000138
0.002096 0.000142
0.002096 0.000147
0.002286 0.000152
0.002286 0.000158
0.002286 0.000163
0.002667 0.000169
0.002667 0.000175
0.002858 0.000181
0.003048 0.000187
0.003048 0.000194
0.003048 0.000201
0.003048 0.000208
0.003429 0.000215
0.003620 0.000222
0.003620 0.000230
0.003620 0.000238
0.003810 0.000246
0.004001 0.000255
0.004191 0.000264
0.004763 0.000273
0.004953 0.000283
0.004953 0.000293
0.005334 0.000303
0.005334 0.000313
0.005334 0.000324
0.005525 0.000336
0.005525 0.000347
0.005525 0.000360
0.005525 0.000372
0.005525 0.000385
0.005525 0.000399
0.005715 0.000412
0.006096 0.000427
0.006096 0.000442
0.006096 0.000457
0.006477 0.000473
0.006668 0.000490
0.006858 0.000507
0.007239 0.000525
0.007811 0.000543
0.008002 0.000562
0.008192 0.000581
0.008192 0.000602
0.008573 0.000623
0.008764 0.000645
0.008764 0.000667
0.009145 0.000690
0.009526 0.000714
0.009907 0.000739
0.009907 0.000765
0.010097 0.000792
0.010478 0.000820
0.010478 0.000848
0.010859 0.000878
0.011240 0.000909
0.011240 0.000940
0.011240 0.000973
0.011812 0.001007
0.012574 0.001042
0.013145 0.001079
0.013526 0.001116
0.013907 0.001155
0.015050 0.001196
0.015432 0.001238
0.016003 0.001281
0.016384 0.001325
0.016575 0.001372
0.017146 0.001420
0.017337 0.001469
0.017718 0.001521
0.019051 0.001574
0.020385 0.001629
0.021337 0.001686
0.023052 0.001744
0.024767 0.001805
0.025719 0.001868
0.025910 0.001934
0.027434 0.002001
0.028005 0.002071
0.028577 0.002143
0.029339 0.002218
0.030291 0.002296
0.031816 0.002376
0.033149 0.002459
0.033911 0.002545
0.036007 0.002634
0.037150 0.002726
0.038484 0.002821
0.040198 0.002919
0.041151 0.003021
0.042865 0.003127
0.045151 0.003236
0.045723 0.003349
0.048390 0.003466
0.049533 0.003587
0.051248 0.003713
0.053153 0.003842
0.054677 0.003976
0.055820 0.004115
0.057725 0.004259
0.061345 0.004408
0.063441 0.004562
0.065536 0.004721
0.068203 0.004886
0.071442 0.005057
0.074300 0.005233
0.076967 0.005416
0.080587 0.005605
0.083444 0.005801
0.085350 0.006004
0.089160 0.006213
0.091827 0.006430
0.093161 0.006655
0.097352 0.006887
0.099829 0.007128
0.103258 0.007377
0.106115 0.007635
0.110497 0.007901
0.113926 0.008177
0.119451 0.008463
0.123833 0.008758
0.128596 0.009064
0.133549 0.009381
0.137741 0.009709
0.140598 0.010048
0.144980 0.010399
0.149552 0.010762
0.154506 0.011138
0.161364 0.011527
0.166127 0.011929
0.170699 0.012346
0.175081 0.012777
0.181177 0.013223
0.185750 0.013685
0.194513 0.014163
0.200419 0.014658
0.204801 0.015170
0.212802 0.015700
0.219470 0.016248
0.225376 0.016816
0.232235 0.017403
0.239284 0.018011
0.244237 0.018640
0.249952 0.019291
0.258144 0.019965
0.267670 0.020662
0.275291 0.021384
0.283102 0.022131
0.292818 0.022904
0.302915 0.023704
0.310345 0.024531
0.321014 0.025388
0.331492 0.026275
0.340827 0.027193
0.351877 0.028143
0.362545 0.029126
0.372642 0.030143
0.385216 0.031196
0.397790 0.032285
0.409411 0.033413
0.418556 0.034580
0.430939 0.035788
0.443894 0.037038
0.459516 0.038331
0.472661 0.039670
0.490951 0.041056
0.505239 0.042490
0.516479 0.043974
0.531911 0.045510
0.544104 0.047099
0.560488 0.048744
0.573062 0.050447
0.587922 0.052209
0.602781 0.054032
0.617260 0.055920
0.632501 0.057873
0.645456 0.059894
0.660697 0.061986
0.674224 0.064151
0.690608 0.066392
0.707754 0.068710
0.724138 0.071110
0.738617 0.073594
0.752905 0.076165
0.769861 0.078825
0.784911 0.081578
0.804344 0.084427
0.819966 0.087376
0.834826 0.090428
0.848733 0.093586
0.861497 0.096855
0.875976 0.100238
0.890455 0.103739
0.903220 0.107362
0.916175 0.111112
0.925510 0.114993
0.933511 0.119010
0.946847 0.123166
0.956944 0.127468
0.964565 0.131921
0.969518 0.136528
0.975614 0.141297
0.980949 0.146232
0.984378 0.151339
0.988760 0.156625
0.991046 0.162096
0.994285 0.167758
0.995047 0.173617
0.996952 0.179681
0.998095 0.185957
0.998857 0.192452
0.999428 0.199174
0.999619 0.206130
1.000000 0.213330
1.000000 0.220781
1.000000 0.228492
1.000000 0.236473
1.000000 0.244732
1.000000 0.253280
1.000000 0.262127
1.000000 0.271282
1.000000 0.280758
1.000000 0.290564
1.000000 0.300712
1.000000 0.311216
1.000000 0.322086
1.000000 0.333335
1.000000 0.344978
1.000000 0.357027
1.000000 0.369497
1.000000 0.382403
1.000000 0.395759
1.000000 0.409582
1.000000 0.423888
1.000000 0.438693
1.000000 0.454016
1.000000 0.469873
1.000000 0.486285
1.000000 0.503270
1.000000 0.520848
1.000000 0.539040
1.000000 0.557867
1.000000 0.577352
1.000000 0.597517
1.000000 0.618387
1.000000 0.639986
1.000000 0.662339
1.000000 0.685473
1.000000 0.709415
1.000000 0.734193
1.000000 0.759837
1.000000 0.786376
1.000000 0.813842
1.000000 0.842268
1.000000 0.871686
1.000000 0.902132
1.000000 0.933641
1.000000 0.966251
1.000000 1.000000
