0.000000 0.000000
0.000000 0.000000
0.000000 0.000000
0.000000 0.000000
0.000000 0.000000
0.000000 0.000000
0.000000 0.000000
0.000000 0.000000
0.000000 0.000000
0.000000 0.000000
0.000000 0.000000
0.000000 0.000000
0.000000 0.000000
0.000000 0.000000
0.000000 0.000000
0.000000 0.000000
0.000000 0.000000
0.000000 0.000000
0.000000 0.000000
0.000000 0.000000
0.000000 0.000000
0.000000 0.000000
0.000000 0.000000
0.000000 0.000000
0.000000 0.000000
0.000000 0.000000
0.000000 0.000000
0.000000 0.000000
0.000000 0.000000
0.000000 0.000000
0.000000 0.000000
0.000000 0.000000
0.000000 0.000000
0.000000 0.000000
0.000000 0.000000
0.000000 0.000000
0.000000 0.000000
0.000000 0.000000
0.000000 0.000000
0.000000 0.000000
0.000000 0.000000
0.000000 0.000000
0.000000 0.000000
0.000000 0.000000
0.000000 0.000000
0.000000 0.000000
0.000000 0.000000
0.000000 0.000000
0.000000 0.000000
0.000000 0.000000
0.000000 0.000000
0.000000 0.000000
0.000000 0.000000
0.000000 0.000000
0.000000 0.000000
0.000000 0.000000
0.000000 0.000000
0.000000 0.000000
0.000000 0.000000
0.000000 0.000000
0.000000 0.000000
0.000000 0.000000
0.000000 0.000000
0.000000 0.000000
0.000000 0.000000
0.000000 0.000000
0.000000 0.000000
0.000000 0.000000
0.000000 0.000000
0.000000 0.000000
0.000000 0.000000
0.000000 0.000000
0.000000 0.000000
0.000000 0.000000
0.000000 0.000000
0.000000 0.000000
0.000000 0.000001
0.000000 0.000001
0.000000 0.000001
0.000000 0.000001
0.000000 0.000001
0.000000 0.000001
0.000000 0.000001
0.000000 0.000001
0.000000 0.000001
0.000000 0.000001
0.000000 0.000001
0.000190 0.000001
0.000190 0.000001
0.000190 0.000001
0.000190 0.000001
0.000190 0.000001
0.000190 0.000001
0.000190 0.000001
0.000190 0.000001
0.000190 0.000001
0.000190 0.000001
0.000190 0.000001
0.000190 0.000001
0.000190 0.000001
0.000381 0.000001
0.000381 0.000001
0.000381 0.000001
0.000381 0.000001
0.000381 0.000001
0.000381 0.000001
0.000381 0.000001
0.000381 0.000001
0.000381 0.000001
0.000381 0.000002
0.000381 0.000002
0.000381 0.000002
0.000381 0.000002
0.000381 0.000002
0.000381 0.000002
0.000381 0.000002
0.000381 0.000002
0.000571 0.000002
0.000952 0.000002
0.000952 0.000002
0.000952 0.000002
0.001143 0.000002
0.001143 0.000002
0.001333 0.000002
0.001333 0.000003
0.001333 0.000003
0.001333 0.000003
0.001524 0.000003
0.001524 0.000003
0.001524 0.000003
0.001524 0.000003
0.001714 0.000003
0.001714 0.000003
0.001714 0.000003
0.001714 0.000004
0.001714 0.000004
0.001905 0.000004
0.002095 0.000004
0.002476 0.000004
0.002667 0.000004
0.002667 0.000004
0.002857 0.000005
0.003048 0.000005
0.003429 0.000005
0.003429 0.000005
0.003619 0.000005
0.004000 0.000005
0.004190 0.000006
0.004381 0.000006
0.004571 0.000006
0.004952 0.000006
0.005143 0.000006
0.005143 0.000007
0.005143 0.000007
0.005333 0.000007
0.005524 0.000007
0.005714 0.000008
0.006095 0.000008
0.006476 0.000008
0.006476 0.000009
0.006667 0.000009
0.006667 0.000009
0.006667 0.000009
0.006667 0.000010
0.007048 0.000010
0.007048 0.000010
0.007238 0.000011
0.007429 0.000011
0.008381 0.000012
0.008762 0.000012
0.009143 0.000012
0.009333 0.000013
0.009333 0.000013
0.009524 0.000014
0.009714 0.000014
0.009714 0.000015
0.009714 0.000015
0.010286 0.000016
0.010476 0.000016
0.011238 0.000017
0.012190 0.000018
0.012190 0.000018
0.012571 0.000019
0.012762 0.000019
0.013333 0.000020
0.014095 0.000021
0.014857 0.000022
0.015810 0.000022
0.016571 0.000023
0.017143 0.000024
0.018095 0.000025
0.019048 0.000026
0.019429 0.000026
0.020190 0.000027
0.021905 0.000028
0.022857 0.000029
0.023619 0.000030
0.025143 0.000031
0.026286 0.000033
0.026476 0.000034
0.028190 0.000035
0.030095 0.000036
0.031048 0.000037
0.031810 0.000039
0.033143 0.000040
0.034286 0.000041
0.035048 0.000043
0.036381 0.000044
0.037333 0.000046
0.038286 0.000047
0.039429 0.000049
0.040762 0.000051
0.042095 0.000053
0.043238 0.000054
0.044000 0.000056
0.045714 0.000058
0.047619 0.000060
0.049143 0.000062
0.051048 0.000065
0.052571 0.000067
0.054667 0.000069
0.055619 0.000072
0.057714 0.000074
0.058476 0.000077
0.059810 0.000079
0.062667 0.000082
0.065714 0.000085
0.068190 0.000088
0.070095 0.000091
0.071810 0.000094
0.074857 0.000098
0.076952 0.000101
0.079048 0.000104
0.082857 0.000108
0.086476 0.000112
0.089143 0.000116
0.093143 0.000120
0.094857 0.000124
0.098476 0.000128
0.100571 0.000133
0.103238 0.000137
0.106667 0.000142
0.111429 0.000147
0.114667 0.000152
0.119619 0.000158
0.123810 0.000163
0.128571 0.000169
0.132190 0.000175
0.136762 0.000181
0.141524 0.000187
0.146286 0.000194
0.150095 0.000201
0.154857 0.000208
0.159048 0.000215
0.166667 0.000222
0.170857 0.000230
0.178286 0.000238
0.183238 0.000246
0.188000 0.000255
0.192952 0.000264
0.198857 0.000273
0.206095 0.000283
0.211429 0.000293
0.217333 0.000303
0.224381 0.000313
0.231238 0.000324
0.238095 0.000336
0.244952 0.000347
0.251429 0.000360
0.257143 0.000372
0.265333 0.000385
0.271619 0.000399
0.278857 0.000412
0.287619 0.000427
0.293143 0.000442
0.302857 0.000457
0.310286 0.000473
0.319238 0.000490
0.327429 0.000507
0.336190 0.000524
0.344190 0.000543
0.351238 0.000562
0.360952 0.000581
0.371619 0.000602
0.381143 0.000623
0.392000 0.000644
0.401143 0.000667
0.408952 0.000690
0.420000 0.000714
0.429524 0.000739
0.440381 0.000765
0.449905 0.000792
0.458667 0.000820
0.471238 0.000848
0.480762 0.000878
0.488952 0.000908
0.502476 0.000940
0.512571 0.000973
0.523810 0.001007
0.535238 0.001042
0.547619 0.001079
0.559238 0.001116
0.571238 0.001155
0.581905 0.001196
0.590286 0.001237
0.605143 0.001281
0.616000 0.001325
0.628000 0.001372
0.638476 0.001419
0.650667 0.001469
0.663048 0.001520
0.672952 0.001573
0.684952 0.001628
0.695619 0.001685
0.705143 0.001744
0.716571 0.001805
0.728952 0.001868
0.741524 0.001933
0.752000 0.002001
0.760952 0.002071
0.774095 0.002143
0.783048 0.002218
0.792571 0.002296
0.806095 0.002376
0.818476 0.002459
0.827429 0.002545
0.835048 0.002633
0.842286 0.002725
0.849905 0.002821
0.860190 0.002919
0.870476 0.003021
0.879810 0.003127
0.888381 0.003236
0.896190 0.003349
0.902476 0.003466
0.909333 0.003587
0.914286 0.003712
0.922095 0.003842
0.929333 0.003976
0.936762 0.004115
0.942857 0.004259
0.948571 0.004407
0.954476 0.004561
0.962095 0.004721
0.964952 0.004885
0.967429 0.005056
0.970857 0.005233
0.973143 0.005415
0.974667 0.005605
0.976571 0.005800
0.980190 0.006003
0.981143 0.006213
0.984000 0.006430
0.985714 0.006654
0.987619 0.006887
0.988190 0.007127
0.989143 0.007376
0.991429 0.007634
0.992381 0.007900
0.993143 0.008176
0.994667 0.008462
0.995619 0.008757
0.996000 0.009063
0.996762 0.009380
0.997143 0.009708
0.997905 0.010047
0.998095 0.010398
0.998667 0.010761
0.998857 0.011137
0.999048 0.011526
0.999048 0.011928
0.999048 0.012345
0.999048 0.012776
0.999238 0.013222
0.999238 0.013684
0.999238 0.014162
0.999238 0.014657
0.999238 0.015169
0.999429 0.015698
0.999429 0.016247
0.999429 0.016814
0.999429 0.017401
0.999429 0.018009
0.999429 0.018638
0.999429 0.019289
0.999429 0.019963
0.999429 0.020660
0.999429 0.021382
0.999429 0.022129
0.999429 0.022902
0.999429 0.023702
0.999429 0.024529
0.999429 0.025386
0.999429 0.026273
0.999429 0.027191
0.999619 0.028140
0.999619 0.029123
0.999619 0.030140
0.999619 0.031193
0.999810 0.032283
0.999810 0.033410
0.999810 0.034577
0.999810 0.035785
0.999810 0.037035
0.999810 0.038329
0.999810 0.039667
0.999810 0.041053
0.999810 0.042487
0.999810 0.043971
0.999810 0.045507
0.999810 0.047096
0.999810 0.048741
0.999810 0.050443
0.999810 0.052205
0.999810 0.054029
0.999810 0.055916
0.999810 0.057869
0.999810 0.059890
0.999810 0.061982
0.999810 0.064147
0.999810 0.066388
0.999810 0.068706
0.999810 0.071106
1.000000 0.073590
1.000000 0.076160
1.000000 0.078820
1.000000 0.081573
1.000000 0.084423
1.000000 0.087371
1.000000 0.090423
1.000000 0.093581
1.000000 0.096850
1.000000 0.100233
1.000000 0.103734
1.000000 0.107357
1.000000 0.111107
1.000000 0.114988
1.000000 0.119004
1.000000 0.123161
1.000000 0.127463
1.000000 0.131915
1.000000 0.136522
1.000000 0.141291
1.000000 0.146226
1.000000 0.151333
1.000000 0.156619
1.000000 0.162089
1.000000 0.167751
1.000000 0.173610
1.000000 0.179674
1.000000 0.185950
1.000000 0.192445
1.000000 0.199166
1.000000 0.206123
1.000000 0.213323
1.000000 0.220774
1.000000 0.228485
1.000000 0.236465
1.000000 0.244725
1.000000 0.253273
1.000000 0.262119
1.000000 0.271274
1.000000 0.280750
1.000000 0.290556
1.000000 0.300704
1.000000 0.311208
1.000000 0.322077
1.000000 0.333327
1.000000 0.344970
1.000000 0.357019
1.000000 0.369489
1.000000 0.382395
1.000000 0.395751
1.000000 0.409574
1.000000 0.423880
1.000000 0.438685
1.000000 0.454008
1.000000 0.469865
1.000000 0.486277
1.000000 0.503262
1.000000 0.520840
1.000000 0.539032
1.000000 0.557860
1.000000 0.577345
1.000000 0.597511
1.000000 0.618381
1.000000 0.639980
1.000000 0.662333
1.000000 0.685467
1.000000 0.709410
1.000000 0.734188
1.000000 0.759832
1.000000 0.786372
1.000000 0.813839
1.000000 0.842265
1.000000 0.871683
1.000000 0.902130
1.000000 0.933640
1.000000 0.966250
1.000000 1.000000
