0.000000 0.000000
0.000000 0.000000
0.000000 0.000000
0.000000 0.000000
0.000000 0.000000
0.000000 0.000000
0.000000 0.000000
0.000000 0.000000
0.000000 0.000000
0.000000 0.000000
0.000000 0.000000
0.000000 0.000000
0.000000 0.000000
0.000000 0.000000
0.000000 0.000000
0.000000 0.000000
0.000000 0.000000
0.000000 0.000000
0.000000 0.000000
0.000000 0.000000
0.000000 0.000000
0.000000 0.000000
0.000000 0.000000
0.000000 0.000000
0.000000 0.000000
0.000000 0.000000
0.000000 0.000000
0.000000 0.000000
0.000000 0.000000
0.000000 0.000000
0.000000 0.000000
0.000000 0.000000
0.000000 0.000000
0.000000 0.000000
0.000000 0.000000
0.000000 0.000000
0.000000 0.000000
0.000000 0.000000
0.000000 0.000000
0.000000 0.000000
0.000000 0.000000
0.000000 0.000000
0.000000 0.000000
0.000000 0.000000
0.000000 0.000000
0.000000 0.000000
0.000000 0.000000
0.000000 0.000000
0.000000 0.000000
0.000000 0.000000
0.000000 0.000000
0.000000 0.000000
0.000000 0.000000
0.000000 0.000000
0.000000 0.000000
0.000000 0.000000
0.000000 0.000000
0.000000 0.000000
0.000000 0.000000
0.000000 0.000000
0.000000 0.000000
0.000000 0.000000
0.000000 0.000000
0.000000 0.000000
0.000000 0.000000
0.000000 0.000000
0.000000 0.000000
0.000000 0.000000
0.000000 0.000000
0.000000 0.000000
0.000000 0.000000
0.000000 0.000000
0.000000 0.000000
0.000000 0.000000
0.000000 0.000000
0.000000 0.000000
0.000000 0.000001
0.000000 0.000001
0.000000 0.000001
0.000000 0.000001
0.000000 0.000001
0.000000 0.000001
0.000000 0.000001
0.000000 0.000001
0.000000 0.000001
0.000000 0.000001
0.000000 0.000001
0.000000 0.000001
0.000000 0.000001
0.000000 0.000001
0.000000 0.000001
0.000000 0.000001
0.000000 0.000001
0.000000 0.000001
0.000000 0.000001
0.000000 0.000001
0.000000 0.000001
0.000000 0.000001
0.000000 0.000001
0.000000 0.000001
0.000000 0.000001
0.000000 0.000001
0.000000 0.000001
0.000000 0.000001
0.000000 0.000001
0.000000 0.000001
0.000000 0.000001
0.000000 0.000001
0.000000 0.000001
0.000000 0.000002
0.000000 0.000002
0.000000 0.000002
0.000000 0.000002
0.000000 0.000002
0.000000 0.000002
0.000000 0.000002
0.000000 0.000002
0.000000 0.000002
0.000000 0.000002
0.000000 0.000002
0.000000 0.000002
0.000000 0.000002
0.000000 0.000002
0.000000 0.000002
0.000000 0.000003
0.000000 0.000003
0.000000 0.000003
0.000000 0.000003
0.000000 0.000003
0.000000 0.000003
0.000000 0.000003
0.000000 0.000003
0.000000 0.000003
0.000000 0.000003
0.000000 0.000004
0.000000 0.000004
0.000000 0.000004
0.000000 0.000004
0.000000 0.000004
0.000000 0.000004
0.000000 0.000004
0.000000 0.000005
0.000000 0.000005
0.000000 0.000005
0.000000 0.000005
0.000000 0.000005
0.000190 0.000005
0.000190 0.000006
0.000190 0.000006
0.000190 0.000006
0.000190 0.000006
0.000190 0.000006
0.000190 0.000007
0.000190 0.000007
0.000190 0.000007
0.000190 0.000007
0.000190 0.000008
0.000381 0.000008
0.000381 0.000008
0.000381 0.000009
0.000571 0.000009
0.000571 0.000009
0.000571 0.000009
0.000571 0.000010
0.000571 0.000010
0.000571 0.000010
0.000571 0.000011
0.000571 0.000011
0.000571 0.000012
0.000571 0.000012
0.000571 0.000012
0.000571 0.000013
0.000571 0.000013
0.000571 0.000014
0.000571 0.000014
0.000571 0.000015
0.000571 0.000015
0.000571 0.000016
0.000571 0.000016
0.000571 0.000017
0.000571 0.000018
0.000571 0.000018
0.000571 0.000019
0.000571 0.000019
0.000571 0.000020
0.000571 0.000021
0.000571 0.000022
0.000571 0.000022
0.000762 0.000023
0.000762 0.000024
0.000762 0.000025
0.000762 0.000026
0.000762 0.000026
0.000762 0.000027
0.000952 0.000028
0.001143 0.000029
0.001143 0.000030
0.001333 0.000031
0.001333 0.000033
0.001333 0.000034
0.001333 0.000035
0.001333 0.000036
0.001333 0.000037
0.001333 0.000039
0.001524 0.000040
0.001524 0.000041
0.001714 0.000043
0.001714 0.000044
0.001714 0.000046
0.001714 0.000047
0.001905 0.000049
0.001905 0.000051
0.001905 0.000053
0.002095 0.000054
0.002095 0.000056
0.002095 0.000058
0.002095 0.000060
0.002095 0.000062
0.002095 0.000065
0.002286 0.000067
0.002286 0.000069
0.002286 0.000072
0.002286 0.000074
0.002286 0.000077
0.002286 0.000079
0.002286 0.000082
0.002286 0.000085
0.002286 0.000088
0.002286 0.000091
0.002286 0.000094
0.002286 0.000098
0.002286 0.000101
0.002286 0.000104
0.002476 0.000108
0.002476 0.000112
0.002476 0.000116
0.002476 0.000120
0.002476 0.000124
0.002476 0.000128
0.002476 0.000133
0.002476 0.000137
0.002667 0.000142
0.002667 0.000147
0.002667 0.000152
0.002857 0.000158
0.003048 0.000163
0.003238 0.000169
0.003429 0.000175
0.003619 0.000181
0.003810 0.000187
0.003810 0.000194
0.003810 0.000201
0.003810 0.000208
0.003810 0.000215
0.003810 0.000222
0.004000 0.000230
0.004190 0.000238
0.004190 0.000246
0.004381 0.000255
0.004381 0.000264
0.004381 0.000273
0.004381 0.000283
0.004381 0.000293
0.004381 0.000303
0.004762 0.000313
0.004952 0.000324
0.005524 0.000336
0.005524 0.000347
0.005524 0.000360
0.005714 0.000372
0.005714 0.000385
0.006095 0.000399
0.006095 0.000412
0.006667 0.000427
0.006857 0.000442
0.006857 0.000457
0.007619 0.000473
0.007810 0.000490
0.007810 0.000507
0.007810 0.000524
0.008000 0.000543
0.008000 0.000562
0.008190 0.000581
0.008571 0.000602
0.008762 0.000623
0.008952 0.000644
0.009143 0.000667
0.009714 0.000690
0.010095 0.000714
0.010667 0.000739
0.010857 0.000765
0.010857 0.000792
0.011429 0.000820
0.011810 0.000848
0.012000 0.000878
0.012190 0.000908
0.012381 0.000940
0.012952 0.000973
0.013714 0.001007
0.013905 0.001042
0.014667 0.001079
0.014857 0.001116
0.015619 0.001155
0.016000 0.001196
0.017143 0.001237
0.017333 0.001281
0.017714 0.001325
0.018095 0.001372
0.018476 0.001419
0.019048 0.001469
0.019810 0.001520
0.020000 0.001573
0.020571 0.001628
0.021143 0.001685
0.022095 0.001744
0.023619 0.001805
0.024381 0.001868
0.025333 0.001933
0.026476 0.002001
0.027429 0.002071
0.027810 0.002143
0.029333 0.002218
0.030667 0.002296
0.031048 0.002376
0.032381 0.002459
0.033714 0.002545
0.034476 0.002633
0.035238 0.002725
0.036190 0.002821
0.036762 0.002919
0.037333 0.003021
0.038667 0.003127
0.040381 0.003236
0.041333 0.003349
0.042476 0.003466
0.042476 0.003587
0.044000 0.003712
0.044952 0.003842
0.046286 0.003976
0.047619 0.004115
0.048381 0.004259
0.049143 0.004407
0.052381 0.004561
0.053524 0.004721
0.056190 0.004885
0.058286 0.005056
0.059429 0.005233
0.061333 0.005415
0.063810 0.005605
0.066095 0.005800
0.068571 0.006003
0.071810 0.006213
0.073143 0.006430
0.076000 0.006654
0.077714 0.006887
0.080762 0.007127
0.085524 0.007376
0.087429 0.007634
0.090286 0.007900
0.093714 0.008176
0.096190 0.008462
0.100190 0.008757
0.103810 0.009063
0.107619 0.009380
0.110667 0.009708
0.115238 0.010047
0.119238 0.010398
0.122286 0.010761
0.125905 0.011137
0.131048 0.011526
0.134667 0.011928
0.138286 0.012345
0.142286 0.012776
0.146667 0.013222
0.152000 0.013684
0.156190 0.014162
0.162857 0.014657
0.169333 0.015169
0.175048 0.015698
0.183619 0.016247
0.189333 0.016814
0.196381 0.017401
0.201143 0.018009
0.207810 0.018638
0.214667 0.019289
0.221143 0.019963
0.226857 0.020660
0.234095 0.021382
0.242667 0.022129
0.252571 0.022902
0.258667 0.023702
0.265714 0.024529
0.274286 0.025386
0.282667 0.026273
0.292952 0.027191
0.298857 0.028140
0.306667 0.029123
0.315619 0.030140
0.325143 0.031193
0.334857 0.032283
0.344190 0.033410
0.356762 0.034577
0.367429 0.035785
0.380190 0.037035
0.388762 0.038329
0.400381 0.039667
0.410857 0.041053
0.422667 0.042487
0.433143 0.043971
0.444762 0.045507
0.458286 0.047096
0.471238 0.048741
0.484571 0.050443
0.496762 0.052205
0.511429 0.054029
0.525143 0.055916
0.537333 0.057869
0.551429 0.059890
0.566667 0.061982
0.579048 0.064147
0.593143 0.066388
0.606095 0.068706
0.625905 0.071106
0.639238 0.073590
0.656762 0.076160
0.675048 0.078820
0.689524 0.081573
0.706286 0.084423
0.723619 0.087371
0.740571 0.090423
0.757524 0.093581
0.768952 0.096850
0.783048 0.100233
0.801524 0.103734
0.816952 0.107357
0.832952 0.111107
0.848952 0.114988
0.865333 0.119004
0.881143 0.123161
0.891048 0.127463
0.905143 0.131915
0.919048 0.136522
0.929524 0.141291
0.937143 0.146226
0.947429 0.151333
0.956000 0.156619
0.963238 0.162089
0.969524 0.167751
0.974857 0.173610
0.979429 0.179674
0.984000 0.185950
0.986857 0.192445
0.990476 0.199166
0.992190 0.206123
0.993714 0.213323
0.995429 0.220774
0.996762 0.228485
0.998286 0.236465
0.999048 0.244725
0.999619 0.253273
0.999619 0.262119
0.999810 0.271274
0.999810 0.280750
1.000000 0.290556
1.000000 0.300704
1.000000 0.311208
1.000000 0.322077
1.000000 0.333327
1.000000 0.344970
1.000000 0.357019
1.000000 0.369489
1.000000 0.382395
1.000000 0.395751
1.000000 0.409574
1.000000 0.423880
1.000000 0.438685
1.000000 0.454008
1.000000 0.469865
1.000000 0.486277
1.000000 0.503262
1.000000 0.520840
1.000000 0.539032
1.000000 0.557860
1.000000 0.577345
1.000000 0.597511
1.000000 0.618381
1.000000 0.639980
1.000000 0.662333
1.000000 0.685467
1.000000 0.709410
1.000000 0.734188
1.000000 0.759832
1.000000 0.786372
1.000000 0.813839
1.000000 0.842265
1.000000 0.871683
1.000000 0.902130
1.000000 0.933640
1.000000 0.966250
1.000000 1.000000
