0.110095 0.000000
0.110095 0.000000
0.110095 0.000000
0.110095 0.000000
0.110095 0.000000
0.110095 0.000000
0.110095 0.000000
0.110095 0.000000
0.110095 0.000000
0.110095 0.000000
0.110095 0.000000
0.110095 0.000000
0.160381 0.000000
0.160381 0.000000
0.160381 0.000000
0.160381 0.000000
0.160381 0.000000
0.160381 0.000000
0.160381 0.000000
0.160381 0.000000
0.160381 0.000000
0.160381 0.000000
0.160381 0.000000
0.160381 0.000000
0.160381 0.000000
0.160381 0.000000
0.160381 0.000000
0.184000 0.000000
0.184000 0.000000
0.184000 0.000000
0.184000 0.000000
0.184000 0.000000
0.184000 0.000000
0.184000 0.000000
0.184000 0.000000
0.184000 0.000000
0.184000 0.000000
0.188952 0.000000
0.188952 0.000000
0.188952 0.000000
0.188952 0.000000
0.188952 0.000000
0.188952 0.000000
0.188952 0.000000
0.205905 0.000000
0.205905 0.000000
0.205905 0.000000
0.205905 0.000000
0.205905 0.000000
0.205905 0.000000
0.248762 0.000000
0.248762 0.000000
0.248762 0.000000
0.248762 0.000000
0.248762 0.000000
0.252571 0.000000
0.252571 0.000000
0.252571 0.000000
0.252571 0.000000
0.259429 0.000000
0.259429 0.000000
0.259429 0.000000
0.259429 0.000000
0.259429 0.000000
0.259429 0.000000
0.259429 0.000000
0.264952 0.000000
0.264952 0.000000
0.264952 0.000000
0.270857 0.000000
0.270857 0.000000
0.270857 0.000000
0.275048 0.000000
0.275048 0.000000
0.282286 0.000000
0.282286 0.000000
0.282667 0.000001
0.282667 0.000001
0.285143 0.000001
0.285143 0.000001
0.292762 0.000001
0.292762 0.000001
0.314857 0.000001
0.314857 0.000001
0.346476 0.000001
0.357524 0.000001
0.357524 0.000001
0.358667 0.000001
0.385714 0.000001
0.385714 0.000001
0.402667 0.000001
0.412762 0.000001
0.418286 0.000001
0.418286 0.000001
0.420952 0.000001
0.425905 0.000001
0.445905 0.000001
0.448381 0.000001
0.450476 0.000001
0.456952 0.000001
0.468762 0.000001
0.482667 0.000001
0.485905 0.000001
0.485905 0.000001
0.488000 0.000001
0.492571 0.000001
0.498857 0.000001
0.544952 0.000001
0.555238 0.000001
0.558667 0.000002
0.563429 0.000002
0.566095 0.000002
0.569333 0.000002
0.570476 0.000002
0.581905 0.000002
0.588000 0.000002
0.591429 0.000002
0.598857 0.000002
0.615619 0.000002
0.630857 0.000002
0.637333 0.000002
0.642857 0.000002
0.666667 0.000002
0.670857 0.000002
0.677333 0.000003
0.685714 0.000003
0.686667 0.000003
0.689333 0.000003
0.693714 0.000003
0.702095 0.000003
0.704000 0.000003
0.712571 0.000003
0.717905 0.000003
0.730476 0.000003
0.735619 0.000004
0.745333 0.000004
0.749905 0.000004
0.757905 0.000004
0.762286 0.000004
0.772571 0.000004
0.780381 0.000004
0.789524 0.000005
0.792000 0.000005
0.807619 0.000005
0.813524 0.000005
0.816381 0.000005
0.817524 0.000005
0.825905 0.000006
0.831429 0.000006
0.835810 0.000006
0.839238 0.000006
0.848571 0.000006
0.852000 0.000007
0.855048 0.000007
0.859048 0.000007
0.862095 0.000007
0.863810 0.000008
0.867810 0.000008
0.870667 0.000008
0.878286 0.000009
0.883048 0.000009
0.885524 0.000009
0.888762 0.000009
0.890476 0.000010
0.893333 0.000010
0.894857 0.000010
0.896190 0.000011
0.898095 0.000011
0.900762 0.000012
0.902857 0.000012
0.905333 0.000012
0.907429 0.000013
0.909524 0.000013
0.911238 0.000014
0.913333 0.000014
0.914857 0.000015
0.916762 0.000015
0.920952 0.000016
0.923429 0.000016
0.924762 0.000017
0.926667 0.000018
0.927619 0.000018
0.929524 0.000019
0.932000 0.000019
0.934095 0.000020
0.934667 0.000021
0.935238 0.000022
0.936762 0.000022
0.938286 0.000023
0.939048 0.000024
0.941333 0.000025
0.943429 0.000026
0.944952 0.000026
0.945905 0.000027
0.947238 0.000028
0.948000 0.000029
0.948952 0.000030
0.949524 0.000031
0.950286 0.000033
0.951619 0.000034
0.952000 0.000035
0.953143 0.000036
0.954095 0.000037
0.954476 0.000039
0.954857 0.000040
0.955238 0.000041
0.955429 0.000043
0.955810 0.000044
0.956190 0.000046
0.956952 0.000047
0.957524 0.000049
0.957524 0.000051
0.958095 0.000053
0.958286 0.000054
0.958476 0.000056
0.958667 0.000058
0.958857 0.000060
0.958857 0.000062
0.959048 0.000065
0.959429 0.000067
0.959810 0.000069
0.959810 0.000072
0.960190 0.000074
0.960190 0.000077
0.960571 0.000079
0.960952 0.000082
0.961143 0.000085
0.961524 0.000088
0.961524 0.000091
0.962095 0.000094
0.962286 0.000098
0.962667 0.000101
0.963810 0.000104
0.964952 0.000108
0.965524 0.000112
0.967048 0.000116
0.968000 0.000120
0.968381 0.000124
0.968952 0.000128
0.969524 0.000133
0.969905 0.000137
0.970857 0.000142
0.971238 0.000147
0.971619 0.000152
0.973524 0.000158
0.974286 0.000163
0.975619 0.000169
0.976762 0.000175
0.978095 0.000181
0.979238 0.000187
0.980190 0.000194
0.980762 0.000201
0.981524 0.000208
0.982667 0.000215
0.983048 0.000222
0.983810 0.000230
0.984571 0.000238
0.984571 0.000246
0.985333 0.000255
0.986857 0.000264
0.987238 0.000273
0.988381 0.000283
0.989333 0.000293
0.990095 0.000303
0.991048 0.000313
0.991810 0.000324
0.992762 0.000336
0.993524 0.000347
0.993714 0.000360
0.993905 0.000372
0.993905 0.000385
0.993905 0.000399
0.994667 0.000412
0.995238 0.000427
0.995810 0.000442
0.996190 0.000457
0.996571 0.000473
0.997143 0.000490
0.997143 0.000507
0.997143 0.000524
0.997333 0.000543
0.997524 0.000562
0.997714 0.000581
0.997905 0.000602
0.998095 0.000623
0.998095 0.000644
0.998286 0.000667
0.998286 0.000690
0.998286 0.000714
0.998476 0.000739
0.998667 0.000765
0.998857 0.000792
0.998857 0.000820
0.998857 0.000848
0.999048 0.000878
0.999048 0.000908
0.999238 0.000940
0.999238 0.000973
0.999238 0.001007
0.999429 0.001042
0.999429 0.001079
0.999429 0.001116
0.999619 0.001155
0.999619 0.001196
0.999619 0.001237
0.999619 0.001281
0.999619 0.001325
0.999619 0.001372
0.999619 0.001419
0.999619 0.001469
0.999810 0.001520
0.999810 0.001573
0.999810 0.001628
0.999810 0.001685
0.999810 0.001744
0.999810 0.001805
0.999810 0.001868
0.999810 0.001933
0.999810 0.002001
0.999810 0.002071
0.999810 0.002143
0.999810 0.002218
0.999810 0.002296
0.999810 0.002376
0.999810 0.002459
0.999810 0.002545
0.999810 0.002633
0.999810 0.002725
0.999810 0.002821
0.999810 0.002919
1.000000 0.003021
1.000000 0.003127
1.000000 0.003236
1.000000 0.003349
1.000000 0.003466
1.000000 0.003587
1.000000 0.003712
1.000000 0.003842
1.000000 0.003976
1.000000 0.004115
1.000000 0.004259
1.000000 0.004407
1.000000 0.004561
1.000000 0.004721
1.000000 0.004885
1.000000 0.005056
1.000000 0.005233
1.000000 0.005415
1.000000 0.005605
1.000000 0.005800
1.000000 0.006003
1.000000 0.006213
1.000000 0.006430
1.000000 0.006654
1.000000 0.006887
1.000000 0.007127
1.000000 0.007376
1.000000 0.007634
1.000000 0.007900
1.000000 0.008176
1.000000 0.008462
1.000000 0.008757
1.000000 0.009063
1.000000 0.009380
1.000000 0.009708
1.000000 0.010047
1.000000 0.010398
1.000000 0.010761
1.000000 0.011137
1.000000 0.011526
1.000000 0.011928
1.000000 0.012345
1.000000 0.012776
1.000000 0.013222
1.000000 0.013684
1.000000 0.014162
1.000000 0.014657
1.000000 0.015169
1.000000 0.015698
1.000000 0.016247
1.000000 0.016814
1.000000 0.017401
1.000000 0.018009
1.000000 0.018638
1.000000 0.019289
1.000000 0.019963
1.000000 0.020660
1.000000 0.021382
1.000000 0.022129
1.000000 0.022902
1.000000 0.023702
1.000000 0.024529
1.000000 0.025386
1.000000 0.026273
1.000000 0.027191
1.000000 0.028140
1.000000 0.029123
1.000000 0.030140
1.000000 0.031193
1.000000 0.032283
1.000000 0.033410
1.000000 0.034577
1.000000 0.035785
1.000000 0.037035
1.000000 0.038329
1.000000 0.039667
1.000000 0.041053
1.000000 0.042487
1.000000 0.043971
1.000000 0.045507
1.000000 0.047096
1.000000 0.048741
1.000000 0.050443
1.000000 0.052205
1.000000 0.054029
1.000000 0.055916
1.000000 0.057869
1.000000 0.059890
1.000000 0.061982
1.000000 0.064147
1.000000 0.066388
1.000000 0.068706
1.000000 0.071106
1.000000 0.073590
1.000000 0.076160
1.000000 0.078820
1.000000 0.081573
1.000000 0.084423
1.000000 0.087371
1.000000 0.090423
1.000000 0.093581
1.000000 0.096850
1.000000 0.100233
1.000000 0.103734
1.000000 0.107357
1.000000 0.111107
1.000000 0.114988
1.000000 0.119004
1.000000 0.123161
1.000000 0.127463
1.000000 0.131915
1.000000 0.136522
1.000000 0.141291
1.000000 0.146226
1.000000 0.151333
1.000000 0.156619
1.000000 0.162089
1.000000 0.167751
1.000000 0.173610
1.000000 0.179674
1.000000 0.185950
1.000000 0.192445
1.000000 0.199166
1.000000 0.206123
1.000000 0.213323
1.000000 0.220774
1.000000 0.228485
1.000000 0.236465
1.000000 0.244725
1.000000 0.253273
1.000000 0.262119
1.000000 0.271274
1.000000 0.280750
1.000000 0.290556
1.000000 0.300704
1.000000 0.311208
1.000000 0.322077
1.000000 0.333327
1.000000 0.344970
1.000000 0.357019
1.000000 0.369489
1.000000 0.382395
1.000000 0.395751
1.000000 0.409574
1.000000 0.423880
1.000000 0.438685
1.000000 0.454008
1.000000 0.469865
1.000000 0.486277
1.000000 0.503262
1.000000 0.520840
1.000000 0.539032
1.000000 0.557860
1.000000 0.577345
1.000000 0.597511
1.000000 0.618381
1.000000 0.639980
1.000000 0.662333
1.000000 0.685467
1.000000 0.709410
1.000000 0.734188
1.000000 0.759832
1.000000 0.786372
1.000000 0.813839
1.000000 0.842265
1.000000 0.871683
1.000000 0.902130
1.000000 0.933640
1.000000 0.966250
1.000000 1.000000
