1.0 0.2335008497553541
1.0 0.2335008497553541
1.0 0.2335008497553541
1.0 0.2335008497553541
1.0 0.2335008497553541
1.0 0.2335008497553541
1.0 0.2335008497553541
1.0 0.2335008497553541
1.0 0.2335008497553541
1.0 0.2335008497553541
1.0 0.2335008497553541
1.0 0.2335008497553541
1.0 0.2335008497553541
1.0 0.2335008497553541
1.0 0.2335008497553541
1.0 0.2335008497553541
1.0 0.2335008497553541
1.0 0.2335008497553541
1.0 0.2335008497553541
1.0 0.2335008497553541
1.0 0.2335008497553541
1.0 0.2335008497553541
1.0 0.2335008497553541
1.0 0.2335008497553541
1.0 0.2335008497553541
1.0 0.2335008497553541
1.0 0.2335008497553541
1.0 0.2335008497553541
1.0 0.2335008497553541
1.0 0.2335008497553541
1.0 0.2335008497553541
1.0 0.2335008497553541
1.0 0.2335008497553541
1.0 0.2335008497553541
1.0 0.2335008497553541
1.0 0.2335008497553541
1.0 0.2335008497553541
1.0 0.2335008497553541
1.0 0.2335008497553541
1.0 0.2335008497553541
1.0 0.2335008497553541
1.0 0.2335008497553541
1.0 0.2335008497553541
1.0 0.2335008497553541
1.0 0.2335008497553541
1.0 0.2335008497553541
1.0 0.2335008497553541
1.0 0.2335008497553541
1.0 0.2335008497553541
1.0 0.2335008497553541
1.0 0.23213920102086807
1.0 0.22545420236839536
1.0 0.2189615675924334
1.0 0.21265577880107245
1.0 0.2065313907062437
1.0 0.20058324843524203
1.0 0.1948061971153623
1.0 0.18919548119502438
1.0 0.18374612731112547
1.0 0.17845356142168775
1.0 0.17331335469241527
1.0 0.16832093308133025
1.0 0.16347226707526172
1.0 0.15876310934951604
1.0 0.1541894303909223
1.0 0.1497473458939914
1.0 0.14543308045899567
1.0 0.14124296759196875
1.0 0.1371734134027852
1.0 0.13322093290708104
1.0 0.129382186328174
1.0 0.12565390649322286
1.0 0.12203289883322724
1.0 0.11851607768494812
1.0 0.11510046629090791
1.0 0.11178301528978807
1.0 0.10856121984907695
1.0 0.10543203060745601
1.0 0.10239283382665224
1.0 0.09944116097607442
1.0 0.09657439831744954
1.0 0.09379011362210689
1.0 0.0910859472652166
1.0 0.08845957592386935
1.0 0.08590878518091716
1.0 0.08343139692113248
1.0 0.08102526933120827
1.0 0.07868840580551928
1.0 0.07641873713459939
1.0 0.07421444822242564
1.0 0.07207354246337282
1.0 0.06999424106333843
1.0 0.06797476522822
1.0 0.06601337246583554
1.0 0.06410846549168482
1.0 0.06225833811550632
1.0 0.060461465656640755
1.0 0.0587162871325084
1.0 0.05702131416437045
1.0 0.055375094675408555
1.0 0.05377628549456575
1.0 0.052223470846944134
1.0 0.05071530756148674
1.0 0.049250561372897975
1.0 0.047827961713961774
1.0 0.04644627431938255
1.0 0.045104373829626086
1.0 0.04380106228131723
1.0 0.04253528691876269
1.0 0.04130588608050779
1.0 0.04011187961470013
1.0 0.038952251067566876
1.0 0.037825947683414726
1.0 0.03673209821615267
1.0 0.03566968621200786
1.0 0.034637840424889293
1.0 0.03363572591062641
1.0 0.0326623988192873
1.0 0.03171709681054231
1.0 0.030798984940220903
1.0 0.02990730086799344
1.0 0.02904128225353029
1.0 0.028200166756501818
1.0 0.027383264640419312
1.0 0.026589886168794055
1.0 0.025819305303216872
1.0 0.025070904911039967
1.0 0.024344031557695076
1.0 0.02363810441245487
1.0 0.022952470040751082
1.0 0.022286547611856382
1.0 0.021639792596963883
1.0 0.021011660467266702
1.0 0.020401606693957967
1.0 0.01980908674823079
1.0 0.01923362870511921
1.0 0.018674724337736804
1.0 0.018131901721117612
1.0 0.017604688930295667
1.0 0.017092650342225464
1.0 0.016595350333861503
1.0 0.016112316980237816
1.0 0.015643223564070274
1.0 0.015187670764233838
1.0 0.014745186655762538
1.0 0.014315408219451788
1.0 0.01389804503993792
1.0 0.01349266149417543
1.0 0.013098930864880187
1.0 0.012716562736688522
1.0 0.01234515778847539
1.0 0.011984461906797578
1.0 0.01163414837437096
1.0 0.011293890473911408
1.0 0.010963470393896167
1.0 0.01064252511512065
1.0 0.010330800524141648
1.0 0.010028078809436408
1.0 0.009734033253720801
1.0 0.009448482347392534
1.0 0.009171135675087937
1.0 0.0089017391233638
1.0 0.008640147484538285
1.0 0.008386034041327269
1.0 0.00813925358604891
1.0 0.007899588307180462
1.0 0.0076667840912787106
1.0 0.007440732032582281
1.0 0.007221141715727502
1.0 0.00700786793303254
1.0 0.00680076547681556
1.0 0.006599580233633352
1.0 0.0064042032977245375
1.0 0.006214453159486825
1.0 0.006030148309317918
1.0 0.005851179841456445
1.0 0.005677329944379649
1.0 0.005508489712326157
1.0 0.005344513937614133
1.0 0.005185221110641284
1.0 0.005030538627566691
1.0 0.004880321280708521
1.0 0.0047344238623849375
1.0 0.004592701164914107
1.0 0.004455080584455111
1.0 0.004321416913326116
1.0 0.004191564943845285
1.0 0.004065488374092162
1.0 0.00394304199638491
1.0 0.0038240806030416944
1.0 0.003708567892142057
1.0 0.003596394957924622
1.0 0.003487416592707554
1.0 0.0033815964945703944
1.0 0.0032787894558313083
1.0 0.0031789954764902956
1.0 0.0030820330469450625
1.0 0.002987865865275151
1.0 0.0028964213276396434
1.0 0.0028075905282771633
1.0 0.002721300863346793
1.0 0.0026375160309280747
1.0 0.00255616342718009
1.0 0.0024771341463414634
1.0 0.002400355584571277
1.0 0.0023258277418695314
1.0 0.0022534054105543913
1.0 0.0021830885906258565
1.0 0.0021148046782430104
1.0 0.0020484447676444757
1.0 0.001984045160750712
1.0 0.0019214606498798841
1.0 0.0018606912350319922
1.0 0.0018016643123661186
1.0 0.0017443435799618045
1.0 0.001688656433978133
1.0 0.0016346028744151034
1.0 0.00158207399551134
1.0 0.001531069797266843
1.0 0.0014815539777611531
1.0 0.0014334176312328945
1.0 0.001386697059602526
1.0 0.0013413196590291298
1.0 0.0012972491275922476
1.0 0.0012544128614509617
1.0 0.001212847162525731
1.0 0.0011724794269756377
1.0 0.0011332370509597647
1.0 0.0010951563363985708
1.0 0.0010581646794511383
1.0 0.0010222257781970084
1.0 0.0009873396326361816
1.0 0.00095343363892774
1.0 0.0009205440989921425
1.0 0.000888562107068013
1.0 0.0008575239650758101
1.0 0.0008273570691746163
1.0 0.0007980614193644318
1.0 0.0007696370156452565
1.0 0.0007419749522557142
1.0 0.0007151478330367225
1.0 0.0006890830541473637
1.0 0.000663780615587638
1.0 0.0006392042154370868
1.0 0.000615317551775251
1.0 0.0005921569265225897
1.0 0.0005696134339177265
1.0 0.000547759677801579
1.0 0.0005265230543332295
1.0 0.0005058672615922197
1.0 0.00048582860149900793
1.0 0.0004663707721331357
1.0 0.0004474574715741442
1.0 0.0004291250017424922
1.0 0.0004113007587972622
1.0 0.0003939484408179955
1.0 0.00037714065164560964
1.0 0.00036080478743918704
1.0 0.00034494084819872774
1.0 0.0003295488339242318
1.0 0.0003145924426952404
1.0 0.000300035372591295
1.0 0.00028591392553285413
1.0 0.00027222810151991786
1.0 0.00025890529671156876
1.0 0.0002459818130282655
1.0 0.0002334213485495495
1.0 0.00022122390327542063
1.0 0.00020935317528542022
1.0 0.00019784546650000696
1.0 0.00018666447499872217
1.0 0.00017581020078156584
1.0 0.00016528264384853793
1.0 0.00015504550227917979
1.0 0.00014509877607349136
1.0 0.00013544246523147267
1.0 0.0001260765697531237
1.0 0.00011696478771798577
1.0 0.00010810711912605886
0.9998094512195121 9.953986589780167e-05
0.9998094512195121 9.11904241922968e-05
0.9998094512195121 8.309509593000293e-05
0.9998094512195121 7.521757919046136e-05
0.9998094512195121 6.755787397367211e-05
0.9998094512195121 6.015228220009386e-05
0.9996189024390244 5.296450194926792e-05
0.999047256097561 4.606713706211171e-05
0.9979039634146342 3.949648945908396e-05
0.9954268292682927 3.3361464901560806e-05
0.9916158536585366 2.766206338954226e-05
0.9855182926829268 2.2579794525321896e-05
0.9784679878048781 1.789684678614742e-05
0.9702743902439024 1.3576918251560111e-05
0.9552210365853658 1.0709066535321478e-05
0.9386432926829268 8.34944170550488e-06
0.9184451219512195 6.788459125780056e-06
0.897484756097561 5.554193830183682e-06
0.8757621951219512 4.6103438982570435e-06
0.8532774390243902 3.95690933000014e-06
0.8311737804878049 3.3760786026606694e-06
0.8090701219512195 2.9404555571560668e-06
0.7873475609756098 2.5411344321101813e-06
0.765625 2.32332290935788e-06
0.7442835365853658 2.1055113866055786e-06
0.7233231707317073 1.9603037047707115e-06
0.7033155487804879 1.7424921820184101e-06
0.6834984756097561 1.6335864206422593e-06
0.6640625 1.5246806592661088e-06
0.6451981707317073 1.4157748978899582e-06
0.6276676829268293 1.1979633751376569e-06
0.6101371951219512 1.0527556933027893e-06
0.5929878048780488 9.438499319266387e-07
0.5762195121951219 8.712460910092051e-07
0.5594512195121951 8.712460910092051e-07
0.5434451219512195 8.349441705504882e-07
0.5282012195121951 7.260384091743375e-07
0.5133384146341463 6.534345682569037e-07
0.49847560975609756 6.534345682569037e-07
0.4839939024390244 6.534345682569037e-07
0.47027439024390244 5.8083072733947e-07
0.4567454268292683 5.8083072733947e-07
0.44359756097560976 5.445288068807531e-07
0.43102134146341464 5.082268864220363e-07
0.4184451219512195 5.082268864220363e-07
0.4066310975609756 4.7192496596331937e-07
0.3950076219512195 4.3562304550460253e-07
0.38376524390243905 3.9932112504588564e-07
0.37290396341463417 3.6301920458716875e-07
0.3620426829268293 3.6301920458716875e-07
0.3515625 3.6301920458716875e-07
0.34165396341463417 3.2671728412845186e-07
0.3319359756097561 2.90415363669735e-07
0.32221798780487804 2.90415363669735e-07
0.3130716463414634 2.5411344321101813e-07
0.3041158536585366 2.5411344321101813e-07
0.29592225609756095 1.452076818348675e-07
0.28734756097560976 1.452076818348675e-07
0.27896341463414637 1.452076818348675e-07
0.2709603658536585 1.452076818348675e-07
0.2631478658536585 1.452076818348675e-07
0.25571646341463417 1.0890576137615063e-07
0.24828506097560976 1.0890576137615063e-07
0.24123475609756098 1.0890576137615063e-07
0.2341844512195122 1.0890576137615063e-07
0.22751524390243902 1.0890576137615063e-07
0.22084603658536586 1.0890576137615063e-07
0.2145579268292683 1.0890576137615063e-07
0.20826981707317074 1.0890576137615063e-07
0.20236280487804878 1.0890576137615063e-07
0.19645579268292682 1.0890576137615063e-07
0.19073932926829268 1.0890576137615063e-07
0.18521341463414634 1.0890576137615063e-07
0.1798780487804878 1.0890576137615063e-07
0.17473323170731708 1.0890576137615063e-07
0.16977896341463414 1.0890576137615063e-07
0.16482469512195122 1.0890576137615063e-07
0.1602515243902439 7.260384091743375e-08
0.1558689024390244 3.630192045871688e-08
0.15129573170731708 3.630192045871688e-08
0.14691310975609756 3.630192045871688e-08
0.14272103658536586 3.630192045871688e-08
0.13871951219512196 0.0
0.13471798780487804 0.0
0.13090701219512196 0.0
0.12709603658536586 0.0
0.12347560975609756 0.0
0.11985518292682927 0.0
0.11642530487804878 0.0
0.11299542682926829 0.0
0.10975609756097561 0.0
0.10651676829268293 0.0
0.10365853658536585 0.0
0.10060975609756098 0.0
0.0977515243902439 0.0
0.09489329268292683 0.0
0.09222560975609756 0.0
0.08955792682926829 0.0
0.08689024390243902 0.0
0.08441310975609756 0.0
0.0819359756097561 0.0
0.07964939024390244 0.0
0.07736280487804878 0.0
0.07507621951219512 0.0
0.07298018292682927 0.0
0.07088414634146341 0.0
0.06878810975609756 0.0
0.06669207317073171 0.0
0.06459603658536585 0.0
0.06307164634146341 0.0
0.061166158536585365 0.0
0.05945121951219512 0.0
0.05773628048780488 0.0
0.056021341463414635 0.0
0.05430640243902439 0.0
0.05278201219512195 0.0
0.051067073170731704 0.0
0.049733231707317076 0.0
0.04839939024390244 0.0
0.047065548780487805 0.0
0.045541158536585365 0.0
0.044397865853658534 0.0
0.0430640243902439 0.0
0.04173018292682927 0.0
0.04058689024390244 0.0
0.03944359756097561 0.0
0.03830030487804878 0.0
0.03715701219512195 0.0
0.03601371951219512 0.0
0.0350609756097561 0.0
0.034108231707317076 0.0
0.032964939024390245 0.0
0.03201219512195122 0.0
0.03125 0.0
0.030297256097560975 0.0
0.02934451219512195 0.0
0.028582317073170733 0.0
0.027629573170731708 0.0
0.026867378048780487 0.0
0.026105182926829267 0.0
0.02534298780487805 0.0
0.02458079268292683 0.0
0.02381859756097561 0.0
0.02305640243902439 0.0
0.022484756097560975 0.0
0.02191310975609756 0.0
0.021341463414634148 0.0
0.020579268292682928 0.0
0.020007621951219513 0.0
0.019435975609756097 0.0
0.018864329268292682 0.0
0.018292682926829267 0.0
0.017721036585365852 0.0
0.017339939024390245 0.0
0.01676829268292683 0.0
0.01638719512195122 0.0
0.015815548780487805 0.0
0.015434451219512195 0.0
0.01486280487804878 0.0
0.014481707317073171 0.0
0.014100609756097561 0.0
0.013719512195121951 0.0
0.013338414634146341 0.0
0.012957317073170731 0.0
0.012576219512195123 0.0
0.012195121951219513 0.0
0.011814024390243903 0.0
0.011432926829268292 0.0
0.011051829268292682 0.0
0.010861280487804877 0.0
0.010480182926829269 0.0
0.010099085365853659 0.0
0.009908536585365854 0.0
0.009527439024390244 0.0
0.009336890243902439 0.0
0.008955792682926829 0.0
0.008765243902439025 0.0
0.00857469512195122 0.0
0.00819359756097561 0.0
0.008003048780487805 0.0
0.0078125 0.0
0.007621951219512195 0.0
0.007240853658536586 0.0
0.007050304878048781 0.0
0.006859756097560976 0.0
0.006669207317073171 0.0
0.0064786585365853655 0.0
0.006288109756097561 0.0
0.006097560975609756 0.0
0.005907012195121951 0.0
0.005716463414634146 0.0
0.005525914634146341 0.0
0.005335365853658537 0.0
0.005144817073170732 0.0
0.004954268292682927 0.0
0.004763719512195122 0.0
0.004573170731707317 0.0
0.004382621951219513 0.0
0.004192073170731708 0.0
0.0038109756097560975 0.0
0.0038109756097560975 0.0
0.003620426829268293 0.0
0.003429878048780488 0.0
0.0032393292682926828 0.0
0.003048780487804878 0.0
0.002858231707317073 0.0
0.0026676829268292685 0.0
0.0024771341463414634 0.0
0.0022865853658536584 0.0
0.002096036585365854 0.0
0.0019054878048780487 0.0
0.001714939024390244 0.0
0.001524390243902439 0.0
0.0013338414634146342 0.0
0.0011432926829268292 0.0
0.0009527439024390244 0.0
0.0007621951219512195 0.0
0.0005716463414634146 0.0
0.00038109756097560977 0.0
0.00019054878048780488 0.0
0.0 0.0
