1.0 0.9999999636842424
1.0 0.9712215415196604
1.0 0.9432712638929562
1.0 0.9161251260883106
1.0 0.8897600675996039
1.0 0.8641536089728393
1.0 0.8392839607534154
1.0 0.8151297692758231
1.0 0.7916707340315255
1.0 0.7688865181962282
1.0 0.7467579833656398
1.0 0.7252661363984995
1.0 0.7043926378371845
1.0 0.684119729276195
1.0 0.6644300880991229
1.0 0.6453069727416828
1.0 0.6267342953232277
1.0 0.6086957500685641
1.0 0.5911764112012904
1.0 0.5741609897874279
1.0 0.5576352500499705
1.0 0.5415850288434274
1.0 0.5259965988113998
1.0 0.510856668386581
1.0 0.49615238179075616
1.0 0.48187113745601434
1.0 0.46800084223505184
1.0 0.45452958455935333
1.0 0.44144599759676845
1.0 0.42873885977817755
1.0 0.41639727637628005
1.0 0.40441086108438273
1.0 0.3927692639115499
1.0 0.3814627159189688
1.0 0.3704814118520688
1.0 0.3598161638241597
1.0 0.34945771131703596
1.0 0.3393973022330995
1.0 0.32962640236929813
1.0 0.32013662278561034
1.0 0.31091986506807606
1.0 0.3019682850130388
1.0 0.2932743289429035
1.0 0.28483051581159036
1.0 0.2766296187833233
1.0 0.2686647015483877
1.0 0.2609289730600994
1.0 0.25341578753480504
1.0 0.24611882603067026
1.0 0.23903176960586073
1.0 0.23214866247611876
1.0 0.22546358517294435
1.0 0.2189708724381412
1.0 0.21266496796078596
1.0 0.20654049700874366
1.0 0.20059223011291005
1.0 0.1948151556987268
1.0 0.18920426219163564
1.0 0.18375482854313963
1.0 0.17846217002049952
1.0 0.17332181978552205
1.0 0.16832938363152927
1.0 0.16348057629911633
1.0 0.15877129410766663
1.0 0.1541974696923213
1.0 0.14975528989852505
1.0 0.1454409052559651
1.0 0.1412506841888745
1.0 0.13718099512148638
1.0 0.13322842437257992
1.0 0.1293895945766919
1.0 0.1256611646841168
1.0 0.12204004785545283
1.0 0.1185231209355404
1.0 0.11510740603225071
1.0 0.11178992525345494
1.0 0.1085679549173279
1.0 0.10543862607901379
1.0 0.10239939663547579
1.0 0.09944757922064641
0.9998094149037545 0.09658074067876185
0.9998094149037545 0.09379633890678529
0.9998094149037545 0.09109204969622595
0.9998094149037545 0.08846558515435068
0.9998094149037545 0.08591469370418404
0.9998094149037545 0.0834371964002659
0.9998094149037545 0.08103098692865145
0.999618829807509 0.07869406792266893
0.9992376596150181 0.0764244056998889
0.9992376596150181 0.07421996657788191
0.9990470745187726 0.07207900740027984
0.9988564894225271 0.06999963974768393
0.9986659043262817 0.06798008414796841
0.9980941490375452 0.06601874270779585
0.9975223937488088 0.06411383595504051
0.9965694682675815 0.062263802312122606
0.9965694682675815 0.06046682599115871
0.9954259576901087 0.058721781203661096
0.9948542024013722 0.05702685216174632
0.9935201067276539 0.05538080412965365
0.9929483514389175 0.05378200289828799
0.9918048408614446 0.05222932267916161
0.9910425004764627 0.05072123821045243
0.9897084048027445 0.04925666001943038
0.9874213836477987 0.0478343896860924
0.9862778730703259 0.04645286563285873
0.9832285115303984 0.045111470491849
0.9813226605679436 0.04380846110669512
0.977892128835525 0.0425432201095167
0.9765580331618068 0.04131404065970334
0.9748427672955975 0.04012026907361698
0.9714122355631789 0.03896121535186192
0.967791118734515 0.037835535811404426
0.9662664379645511 0.036741886769210745
0.9630264913283781 0.03568005033073487
0.9590242043072231 0.034648900707489064
0.9557842576710501 0.0336473121109856
0.9523537259386315 0.03267459454182878
0.9472079283400038 0.03173016694789589
0.9418715456451305 0.03081304880372989
0.9361539927577663 0.029922404846904387
0.9294835143891748 0.029057581393781347
0.9224318658280922 0.02821777949769206
0.9151896321707642 0.027402163896210145
0.906232132647227 0.026610407747516582
0.8974652182199352 0.02584145789463898
0.8907947398513436 0.025094297496362612
0.8829807509052792 0.024368853921172145
0.8749761768629694 0.02366436453815653
0.8673527730131504 0.022980139347920064
0.8580141032971221 0.022315960455916738
0.8500095292548123 0.021670665757901147
0.8400991042500476 0.0210443642011463
0.8288545835715647 0.02043640210201416
0.8174194777968363 0.019846016829593683
0.8065561273108443 0.0192725910160045
0.7937869258623975 0.018716052029731273
0.7825424051839146 0.018175346713801614
0.7743472460453592 0.01764963980578914
0.761387459500667 0.017140057094181576
0.7503335239184296 0.01664481910685316
0.73642081189251 0.016164434264411255
0.7236516104440632 0.01569774046261046
0.714694110920526 0.015243757175993715
0.7042119306270249 0.01480324703547207
0.689346293119878 0.01437628267256086
0.6798170383076043 0.01396068514179996
0.668000762340385 0.013557507600161766
0.6565656565656566 0.013165951100977562
0.6470364017533828 0.012785325644851646
0.6371259767486183 0.01241581281057236
0.624928530588908 0.012057412598139703
0.6161616161616161 0.011708708693004598
0.606822946445588 0.011370209515774403
0.5951972555746141 0.01104195138220679
0.5828092243186582 0.010723353240179057
0.5723270440251572 0.010413616143022494
0.5624166190203926 0.010112740090737099
0.5511720983419096 0.009820797714838212
0.5422145988183724 0.009536917437141782
0.5342100247760625 0.00926102662613247
0.5229655040975796 0.008993815281205986
0.5145797598627787 0.008733758140540239
0.5063846007242233 0.00848121836171192
0.49552125023823135 0.008236486470782374
0.48599199542595767 0.00799858194229455
0.47760625119115685 0.0077673595132177736
0.46826758147512865 0.007543037078098054
0.4595006670478369 0.00732510621632803
0.4490184867543358 0.007113821138211382
0.4415856680007623 0.00690809237101805
0.43072231751477036 0.006708973071720426
0.42062130741376025 0.006515482714861454
0.411663807890223 0.006327439721652791
0.40118162759672193 0.006145098302398119
0.389937106918239 0.0059682405625514235
0.3811701924909472 0.005796031239686325
0.37373737373737376 0.005628615596833498
0.36725748046502765 0.005465848370962268
0.35925290642271773 0.005308092719649323
0.35277301315037163 0.005154622327741287
0.34591194968553457 0.005005691405541843
0.3380979607394702 0.004861227321535651
0.32894987611968746 0.004721266391480381
0.3213264722698685 0.004585045984464991
0.3133218982275586 0.004452892942308497
0.30588907947398514 0.004324480423191882
0.2980750905279207 0.004199844742872815
0.29064227177434726 0.004078804322562951
0.2847341337907376 0.0039609596889279355
0.2782542405183915 0.003846673999544455
0.2706308366685725 0.003735910938654841
0.2649132837812083 0.0036280168226210563
0.259576901086335 0.0035232095459891135
0.2540499332952163 0.0034214527930013436
0.24718886983037927 0.00332292814244609
0.24070897655803317 0.0032271998052313283
0.23632551934438728 0.003133868308022703
0.23137030684200496 0.003043333124154569
0.2260339241471317 0.0029555216221115897
0.2208881265485039 0.0028702159073477527
0.2151705736611397 0.0027875249271360637
0.20850009529254812 0.002707376049961186
0.20526014865637507 0.0026289703291544064
0.20030493615399275 0.002553106711384438
0.19401562797789212 0.0024797851966512803
0.19039451114922812 0.0024080615752555467
0.18543929864684583 0.0023386621623506113
0.17914999047074517 0.002271550642178806
0.1747665332570993 0.0022060370153444246
0.17076424623594436 0.002142375492151148
0.16866781017724414 0.002080202915022289
0.16371259767486182 0.002020354546384229
0.16085382123117972 0.00196188617653758
0.15704211930627024 0.0019052699103320363
0.15208690680388792 0.0018505420635252664
0.1478940346864875 0.0017972668470252456
0.14446350295406898 0.0017453716293166362
0.14065180102915953 0.0016950743049454508
0.13741185439298648 0.0016461206636080082
0.1328378120830951 0.0015989101786386647
0.12826376977320372 0.0015530433767030638
0.12483323804078521 0.0015083386790128621
0.12044978082713932 0.0014650866116294097
0.11720983419096627 0.0014228877012183502
0.11358871736230226 0.0013819961580833647
0.1111111111111111 0.0013420488246477663
0.10844291976367448 0.0013033362269729044
0.10520297312750143 0.0012658583650587791
0.10329712216504669 0.0012292157655710348
0.10101010101010101 0.0011937352703286896
0.0989136649514008 0.0011592353005433998
0.09567371831522775 0.0011259337507611782
0.0931961120640366 0.001093503779163006
0.09090909090909091 0.0010619453857488833
0.08843148465789975 0.001031367517791816
0.08671621879169049 0.001001552280745792
0.08423861254049933 0.0009727175691568237
0.08176100628930817 0.0009447544357519047
0.07928340003811701 0.0009175902490156977
0.07718696397941681 0.0008911523774328652
0.07451877263198017 0.0008655860840340822
0.07280350676577092 0.0008406008427579987
0.07051648561082523 0.0008164508639082961
0.06880121974461598 0.0007928819371812929
0.06594244330093386 0.0007702572201536766
0.06365542214598818 0.0007481409237334225
0.0613684009910425 0.0007267146267088743
0.060034305317324184 0.0007057241187763508
0.05908137983609682 0.000685278347208858
0.05679435868115113 0.0006656678380677461
0.05450733752620545 0.0006466383810493336
0.05317324185248713 0.0006279720816076086
0.05183914617876882 0.000609886834288583
0.05107680579378693 0.0005922010603039135
0.049170954831332186 0.0005752416014726184
0.0476462740613684 0.0005586816159756795
0.046693348580141035 0.0005425574195707652
0.045549838002668194 0.0005269053280155443
0.04421574232894988 0.0005117253413100169
0.04364398704021345 0.000496872196423508
0.043262816847722506 0.00048241852487135507
0.04230989136649514 0.00046847327392656433
0.040975795692776824 0.0004550364435891357
0.03964170001905851 0.0004419627708283944
0.03868877453783114 0.0004292159398866716
0.03773584905660377 0.00041683226652163604
0.03640175338288546 0.0004048843822486252
0.03582999809414904 0.000393118076763958
0.03487707261292167 0.00038178756037131556
0.033733562035448826 0.00037085651731302903
0.032590051457975985 0.0003602160003160924
0.03125595578425767 0.00034990232513817417
0.031065370688012198 0.0003396975972332622
0.030493615399275777 0.00032989234266270624
0.03011244520678483 0.00032030498263816256
0.029921860110539357 0.0003109355171596313
0.02954068991804841 0.0003018928935001185
0.028968934629311986 0.0002931771116596243
0.027634838955593672 0.00028482448739581737
0.026872498570611778 0.0002766171261626853
0.02649132837812083 0.00026859134371789685
0.025538402896893464 0.000260892403092127
0.024585477415666093 0.0002534113570123694
0.0238231370306842 0.00024614820547862426
0.02267962645321136 0.00023913926424856016
0.02210787116447494 0.00023223927029150223
0.021536115875738518 0.00022555717088045666
0.020964360587002098 0.00021905665025775473
0.02058319039451115 0.00021266507690805895
0.020202020202020204 0.000206564029619713
0.020011435105774727 0.0002005356138467045
0.01905850962454736 0.00019483403989271452
0.01791499904707452 0.00018935036048473692
0.01791499904707452 0.00018379404956142187
0.0173432437583381 0.0001785282646994566
0.01696207356584715 0.0001733351113528288
0.016580903373356205 0.00016835985255221335
0.015627977892128834 0.00016360248829761024
0.014865637507146942 0.00015895407131601334
0.014484467314655993 0.00015434197009208514
0.01429388221841052 0.00014987513189883186
0.013912712025919573 0.00014555355673625346
0.013340956737183152 0.0001414135603620187
0.013340956737183152 0.00013723724823011524
0.012769201448446732 0.00013335146215956157
0.012578616352201259 0.00012946567608900788
0.01219744615971031 0.00012576146880679786
0.011816275967219363 0.00012212989303992525
0.01105393558223747 0.00011867989606139629
0.010672765389746522 0.00011530253059820478
0.010482180293501049 0.00011196148089268199
0.010101010101010102 0.0001087293784601654
0.009910425004764627 0.00010560622330065496
0.00895749952353726 0.00010270096268715688
0.008766914427291786 9.972307055832136e-05
0.008576329331046312 9.681780994482329e-05
0.008576329331046312 9.398518084666267e-05
0.008195159138555366 9.133413053684567e-05
0.008195159138555366 8.861044871169124e-05
0.007813988946064417 8.610466143254914e-05
0.007432818753573471 8.367150566874451e-05
0.007432818753573471 8.123834990493987e-05
0.0072422336573279966 7.887782565647269e-05
0.007051648561082523 7.658993292334296e-05
0.00686106346483705 7.44109874632194e-05
0.006670478368591576 7.226835776076457e-05
0.006479893272346103 7.016204381597847e-05
0.006289308176100629 6.816467714419855e-05
0.006289308176100629 6.616731047241861e-05
0.006098723079855155 6.424257531597615e-05
0.006098723079855155 6.239047167487112e-05
0.006098723079855155 6.05383680337661e-05
0.005717552887364208 5.883152742333598e-05
0.005717552887364208 5.712468681290586e-05
0.005526967791118735 5.5490477717813196e-05
0.005526967791118735 5.385626862272053e-05
0.005145797598627788 5.233100680063404e-05
0.004955212502382313 5.084206073621628e-05
0.004955212502382313 4.935311467179852e-05
0.004574042309891366 4.7973115880386934e-05
0.004383457213645893 4.659311708897535e-05
0.004383457213645893 4.524943405523249e-05
0.004383457213645893 4.3905751021489634e-05
0.0041928721174004195 4.267101526075295e-05
0.0041928721174004195 4.1399963742347544e-05
0.0041928721174004195 4.020154373927959e-05
0.004002287021154946 3.903943949388036e-05
0.004002287021154946 3.7913651006149854e-05
0.003811701924909472 3.682417827608808e-05
0.003430531732418525 3.5807337061363756e-05
0.0032399466361730514 3.479049584663943e-05
0.0032399466361730514 3.37736546319151e-05
0.0032399466361730514 3.27931291748595e-05
0.0032399466361730514 3.1812603717803905e-05
0.0032399466361730514 3.090470977608575e-05
0.0032399466361730514 2.9996815834367607e-05
0.0032399466361730514 2.908892189264946e-05
0.002858776443682104 2.8326290981606214e-05
0.002858776443682104 2.7491028555225518e-05
0.002858776443682104 2.669208188651355e-05
0.002858776443682104 2.5893135217801577e-05
0.0024776062511911567 2.5203135822095784e-05
0.002287021154945683 2.451313642638999e-05
0.002287021154945683 2.3786821273015475e-05
0.002287021154945683 2.3096821877309682e-05
0.002287021154945683 2.240682248160389e-05
0.002287021154945683 2.1753138843566825e-05
0.002287021154945683 2.1099455205529757e-05
0.002287021154945683 2.0482087325161416e-05
0.0020964360587002098 1.9937350960130528e-05
0.0020964360587002098 1.935629883743091e-05
0.001905850962454736 1.8811562472400023e-05
0.001905850962454736 1.8266826107369135e-05
0.001905850962454736 1.7722089742338246e-05
0.001905850962454736 1.7177353377307358e-05
0.001905850962454736 1.670524852761392e-05
0.0017152658662092624 1.6233143677920485e-05
0.0017152658662092624 1.5761038828227048e-05
0.0015246807699637887 1.5325249736202336e-05
0.0015246807699637887 1.4889460644177626e-05
0.0015246807699637887 1.4453671552152914e-05
0.0015246807699637887 1.4017882460128203e-05
0.0013340956737183153 1.3654724883440945e-05
0.0013340956737183153 1.3255251549084959e-05
0.0013340956737183153 1.2855778214728974e-05
0.0013340956737183153 1.245630488037299e-05
0.0013340956737183153 1.209314730368573e-05
0.0013340956737183153 1.1729989726998471e-05
0.0013340956737183153 1.1366832150311211e-05
0.0013340956737183153 1.1076306088961405e-05
0.0011435105774728416 1.0785780027611597e-05
0.0011435105774728416 1.0458938208593064e-05
0.0011435105774728416 1.013209638957453e-05
0.000952925481227368 9.87788608589345e-06
0.0007623403849818944 9.623675782212368e-06
0.0007623403849818944 9.33314972086256e-06
0.0007623403849818944 9.078939417181479e-06
0.0007623403849818944 8.824729113500397e-06
0.0007623403849818944 8.53420305215059e-06
0.0007623403849818944 8.316308506138235e-06
0.0005717552887364208 8.098413960125878e-06
0.0005717552887364208 7.844203656444798e-06
0.0003811701924909472 7.662624868101168e-06
0.0003811701924909472 7.444730322088813e-06
0.0003811701924909472 7.226835776076457e-06
0.0001905850962454736 7.0452569877328275e-06
0.0001905850962454736 6.827362441720472e-06
0.0001905850962454736 6.645783653376842e-06
0.0001905850962454736 6.464204865033213e-06
0.0001905850962454736 6.246310319020858e-06
0.0001905850962454736 6.064731530677228e-06
0.0001905850962454736 5.8831527423335986e-06
0.0001905850962454736 5.7378897116586945e-06
0.0001905850962454736 5.556310923315065e-06
0.0001905850962454736 5.411047892640161e-06
0.0001905850962454736 5.229469104296532e-06
0.0001905850962454736 5.084206073621628e-06
0.0001905850962454736 4.938943042946725e-06
0.0001905850962454736 4.793680012271821e-06
0.0001905850962454736 4.648416981596918e-06
0.0001905850962454736 4.5031539509220135e-06
0.0001905850962454736 4.3942066779158355e-06
0.0001905850962454736 4.248943647240932e-06
0.0001905850962454736 4.139996374234754e-06
0.0001905850962454736 4.031049101228576e-06
0.0001905850962454736 3.885786070553673e-06
0.0001905850962454736 3.776838797547495e-06
0.0001905850962454736 3.6678915245413174e-06
0.0001905850962454736 3.5589442515351398e-06
0.0001905850962454736 3.4499969785289618e-06
0.0001905850962454736 3.341049705522784e-06
0.0001905850962454736 3.2684181901853325e-06
0.0001905850962454736 3.1594709171791545e-06
0.0001905850962454736 3.086839401841703e-06
0.0001905850962454736 2.977892128835525e-06
0.0001905850962454736 2.9052606134980733e-06
0.0001905850962454736 2.7963133404918957e-06
0.0001905850962454736 2.7236818251544436e-06
0.0001905850962454736 2.6510503098169916e-06
0.0001905850962454736 2.57841879447954e-06
0.0001905850962454736 2.505787279142088e-06
0.0001905850962454736 2.4331557638046364e-06
0.0001905850962454736 2.3605242484671844e-06
0.0001905850962454736 2.2878927331297328e-06
0.0001905850962454736 2.2152612177922808e-06
0.0001905850962454736 2.142629702454829e-06
0.0001905850962454736 2.069998187117377e-06
0.0001905850962454736 2.033682429448651e-06
0.0 1.9973666717799255e-06
0.0 1.9247351564424735e-06
0.0 1.8884193987737475e-06
0.0 1.8157878834362957e-06
0.0 1.7794721257675699e-06
0.0 1.706840610430118e-06
0.0 1.670524852761392e-06
0.0 1.6342090950926663e-06
0.0 1.5615775797552145e-06
0.0 1.5252618220864884e-06
0.0 1.4889460644177624e-06
0.0 1.4526303067490366e-06
0.0 1.3799987914115848e-06
0.0 1.3436830337428588e-06
0.0 1.307367276074133e-06
0.0 1.271051518405407e-06
0.0 1.2347357607366812e-06
0.0 1.1984200030679552e-06
0.0 1.1621042453992294e-06
0.0 1.1257884877305034e-06
0.0 1.0894727300617774e-06
0.0 1.0531569723930516e-06
0.0 1.0168412147243256e-06
0.0 9.805254570555998e-07
0.0 9.442096993868738e-07
0.0 9.078939417181478e-07
0.0 8.715781840494219e-07
0.0 8.35262426380696e-07
0.0 7.989466687119701e-07
0.0 7.626309110432442e-07
0.0 7.263151533745183e-07
0.0 6.899993957057924e-07
0.0 6.536836380370665e-07
0.0 6.173678803683406e-07
0.0 5.810521226996147e-07
0.0 5.447363650308887e-07
0.0 5.084206073621628e-07
0.0 4.721048496934369e-07
0.0 4.3578909202471097e-07
0.0 3.9947333435598506e-07
0.0 3.6315757668725916e-07
0.0 3.2684181901853325e-07
0.0 2.9052606134980735e-07
0.0 2.542103036810814e-07
0.0 2.1789454601235549e-07
0.0 1.8157878834362958e-07
0.0 1.4526303067490367e-07
0.0 1.0894727300617774e-07
0.0 7.263151533745184e-08
0.0 3.631575766872592e-08
0.0 0.0
